testGroup,phase,iterations,pid,timestamp,time,latency
pingAllIntermediate,full-load,100,/172.17.63.17_0,1522700978483,23:29:38.483,3
pingAllIntermediate,full-load,100,/172.17.63.17_0,1522700978487,23:29:38.487,4
pingAllIntermediate,full-load,100,/172.17.63.17_0,1522700978503,23:29:38.503,16
pingAllIntermediate,full-load,100,/172.17.63.17_0,1522700978506,23:29:38.506,3
pingAllIntermediate,full-load,100,/172.17.63.17_0,1522700978509,23:29:38.509,3
pingAllIntermediate,full-load,100,/172.17.63.17_0,1522700978512,23:29:38.512,3
pingAllIntermediate,full-load,100,/172.17.63.17_0,1522700978516,23:29:38.516,4
pingAllIntermediate,full-load,100,/172.17.63.17_0,1522700978520,23:29:38.520,4
pingAllIntermediate,full-load,100,/172.17.63.17_0,1522700978531,23:29:38.531,11
pingAllIntermediate,full-load,100,/172.17.63.17_0,1522700978548,23:29:38.548,17
pingAllIntermediate,full-load,100,/172.17.63.17_0,1522700978553,23:29:38.553,5
pingAllIntermediate,full-load,100,/172.17.63.17_0,1522700978559,23:29:38.559,6
pingAllIntermediate,full-load,100,/172.17.63.17_0,1522700978563,23:29:38.563,4
pingAllIntermediate,full-load,100,/172.17.63.17_0,1522700978566,23:29:38.566,3
pingAllIntermediate,full-load,100,/172.17.63.17_0,1522700978569,23:29:38.569,3
pingAllIntermediate,full-load,100,/172.17.63.17_0,1522700978573,23:29:38.573,4
pingAllIntermediate,full-load,100,/172.17.63.17_0,1522700978576,23:29:38.576,3
pingAllIntermediate,full-load,100,/172.17.63.17_0,1522700978579,23:29:38.579,3
pingAllIntermediate,full-load,100,/172.17.63.17_0,1522700978582,23:29:38.582,3
pingAllIntermediate,full-load,100,/172.17.63.17_0,1522700978585,23:29:38.585,3
pingAllIntermediate,full-load,100,/172.17.63.17_0,1522700978588,23:29:38.588,3
pingAllIntermediate,full-load,100,/172.17.63.17_0,1522700978591,23:29:38.591,3
pingAllIntermediate,full-load,100,/172.17.63.17_0,1522700978592,23:29:38.592,1
pingAllIntermediate,full-load,100,/172.17.63.17_0,1522700978599,23:29:38.599,7
pingAllIntermediate,full-load,100,/172.17.63.17_0,1522700978610,23:29:38.610,11
pingAllIntermediate,full-load,100,/172.17.63.17_0,1522700978614,23:29:38.614,4
pingAllIntermediate,full-load,100,/172.17.63.17_0,1522700978620,23:29:38.620,6
pingAllIntermediate,full-load,100,/172.17.63.17_0,1522700978644,23:29:38.644,24
pingAllIntermediate,full-load,100,/172.17.63.17_0,1522700978673,23:29:38.673,29
pingAllIntermediate,full-load,100,/172.17.63.17_0,1522700978677,23:29:38.677,4
pingAllIntermediate,full-load,100,/172.17.63.17_0,1522700978679,23:29:38.679,2
pingAllIntermediate,full-load,100,/172.17.63.17_0,1522700978696,23:29:38.696,17
pingAllIntermediate,full-load,100,/172.17.63.17_0,1522700978700,23:29:38.700,4
pingAllIntermediate,full-load,100,/172.17.63.17_0,1522700978708,23:29:38.708,8
pingAllIntermediate,full-load,100,/172.17.63.17_0,1522700978710,23:29:38.710,2
pingAllIntermediate,full-load,100,/172.17.63.17_0,1522700978712,23:29:38.712,2
pingAllIntermediate,full-load,100,/172.17.63.17_0,1522700978721,23:29:38.721,8
pingAllIntermediate,full-load,100,/172.17.63.17_0,1522700978729,23:29:38.729,8
pingAllIntermediate,full-load,100,/172.17.63.17_0,1522700978731,23:29:38.731,2
pingAllIntermediate,full-load,100,/172.17.63.17_0,1522700978748,23:29:38.748,17
pingAllIntermediate,full-load,100,/172.17.63.17_0,1522700978774,23:29:38.774,26
pingAllIntermediate,full-load,100,/172.17.63.17_0,1522700978777,23:29:38.777,3
pingAllIntermediate,full-load,100,/172.17.63.17_0,1522700978784,23:29:38.784,7
pingAllIntermediate,full-load,100,/172.17.63.17_0,1522700978787,23:29:38.787,3
pingAllIntermediate,full-load,100,/172.17.63.17_0,1522700978789,23:29:38.789,2
pingAllIntermediate,full-load,100,/172.17.63.17_0,1522700978791,23:29:38.791,2
pingAllIntermediate,full-load,100,/172.17.63.17_0,1522700978793,23:29:38.793,2
pingAllIntermediate,full-load,100,/172.17.63.17_0,1522700978798,23:29:38.798,5
pingAllIntermediate,full-load,100,/172.17.63.17_0,1522700978804,23:29:38.804,6
pingAllIntermediate,full-load,100,/172.17.63.17_0,1522700978806,23:29:38.806,2
pingAllIntermediate,full-load,100,/172.17.63.17_0,1522700978809,23:29:38.809,3
pingAllIntermediate,full-load,100,/172.17.63.17_0,1522700978811,23:29:38.811,2
pingAllIntermediate,full-load,100,/172.17.63.17_0,1522700978814,23:29:38.814,3
pingAllIntermediate,full-load,100,/172.17.63.17_0,1522700978831,23:29:38.831,17
pingAllIntermediate,full-load,100,/172.17.63.17_0,1522700978848,23:29:38.848,17
pingAllIntermediate,full-load,100,/172.17.63.17_0,1522700978850,23:29:38.850,2
pingAllIntermediate,full-load,100,/172.17.63.17_0,1522700978852,23:29:38.852,2
pingAllIntermediate,full-load,100,/172.17.63.17_0,1522700978854,23:29:38.854,2
pingAllIntermediate,full-load,100,/172.17.63.17_0,1522700978867,23:29:38.867,13
pingAllIntermediate,full-load,100,/172.17.63.17_0,1522700978869,23:29:38.869,2
pingAllIntermediate,full-load,100,/172.17.63.17_0,1522700978871,23:29:38.871,2
pingAllIntermediate,full-load,100,/172.17.63.17_0,1522700978892,23:29:38.892,21
pingAllIntermediate,full-load,100,/172.17.63.17_0,1522700978901,23:29:38.901,9
pingAllIntermediate,full-load,100,/172.17.63.17_0,1522700978922,23:29:38.922,21
pingAllIntermediate,full-load,100,/172.17.63.17_0,1522700978932,23:29:38.932,10
pingAllIntermediate,full-load,100,/172.17.63.17_0,1522700978940,23:29:38.940,8
pingAllIntermediate,full-load,100,/172.17.63.17_0,1522700978956,23:29:38.956,16
pingAllIntermediate,full-load,100,/172.17.63.17_0,1522700978959,23:29:38.959,3
pingAllIntermediate,full-load,100,/172.17.63.17_0,1522700978978,23:29:38.978,19
pingAllIntermediate,full-load,100,/172.17.63.17_0,1522700978981,23:29:38.981,3
pingAllIntermediate,full-load,100,/172.17.63.17_0,1522700978983,23:29:38.983,2
pingAllIntermediate,full-load,100,/172.17.63.17_0,1522700978985,23:29:38.985,2
pingAllIntermediate,full-load,100,/172.17.63.17_0,1522700978994,23:29:38.994,9
pingAllIntermediate,full-load,100,/172.17.63.17_0,1522700978998,23:29:38.998,4
pingAllIntermediate,full-load,100,/172.17.63.17_0,1522700979000,23:29:39.000,2
pingAllIntermediate,full-load,100,/172.17.63.17_0,1522700979002,23:29:39.002,2
pingAllIntermediate,full-load,100,/172.17.63.17_0,1522700979004,23:29:39.004,2
pingAllIntermediate,full-load,100,/172.17.63.17_0,1522700979006,23:29:39.006,2
pingAllIntermediate,full-load,100,/172.17.63.17_0,1522700979008,23:29:39.008,2
pingAllIntermediate,full-load,100,/172.17.63.17_0,1522700979010,23:29:39.010,2
pingAllIntermediate,full-load,100,/172.17.63.17_0,1522700979012,23:29:39.012,2
pingAllIntermediate,full-load,100,/172.17.63.17_0,1522700979014,23:29:39.014,2
pingAllIntermediate,full-load,100,/172.17.63.17_0,1522700979016,23:29:39.016,2
pingAllIntermediate,full-load,100,/172.17.63.17_0,1522700979028,23:29:39.028,12
pingAllIntermediate,full-load,100,/172.17.63.17_0,1522700979031,23:29:39.031,3
pingAllIntermediate,full-load,100,/172.17.63.17_0,1522700979043,23:29:39.043,12
pingAllIntermediate,full-load,100,/172.17.63.17_0,1522700979045,23:29:39.045,2
pingAllIntermediate,full-load,100,/172.17.63.17_0,1522700979047,23:29:39.047,2
pingAllIntermediate,full-load,100,/172.17.63.17_0,1522700979049,23:29:39.049,2
pingAllIntermediate,full-load,100,/172.17.63.17_0,1522700979052,23:29:39.052,3
pingAllIntermediate,full-load,100,/172.17.63.17_0,1522700979055,23:29:39.055,3
pingAllIntermediate,full-load,100,/172.17.63.17_0,1522700979057,23:29:39.057,2
pingAllIntermediate,full-load,100,/172.17.63.17_0,1522700979059,23:29:39.059,2
pingAllIntermediate,full-load,100,/172.17.63.17_0,1522700979061,23:29:39.061,2
pingAllIntermediate,full-load,100,/172.17.63.17_0,1522700979063,23:29:39.063,2
pingAllIntermediate,full-load,100,/172.17.63.17_0,1522700979065,23:29:39.065,2
pingAllIntermediate,full-load,100,/172.17.63.17_0,1522700979067,23:29:39.067,2
pingAllIntermediate,full-load,100,/172.17.63.17_0,1522700979069,23:29:39.069,2
pingAllIntermediate,full-load,100,/172.17.63.17_0,1522700979071,23:29:39.071,2
pingAllIntermediate,full-load,100,/172.17.63.17_0,1522700979073,23:29:39.073,2