pingAllIntermediate,full-load,100,p0g10,1523041173863,21:59:33.863,4
pingAllIntermediate,full-load,100,p0g10,1523041173866,21:59:33.866,3
pingAllIntermediate,full-load,100,p0g10,1523041173873,21:59:33.873,7
pingAllIntermediate,full-load,100,p0g10,1523041173876,21:59:33.876,3
pingAllIntermediate,full-load,100,p0g10,1523041173898,21:59:33.898,22
pingAllIntermediate,full-load,100,p0g10,1523041173899,21:59:33.899,1
pingAllIntermediate,full-load,100,p0g10,1523041173908,21:59:33.908,9
pingAllIntermediate,full-load,100,p0g10,1523041173914,21:59:33.914,6
pingAllIntermediate,full-load,100,p0g10,1523041173918,21:59:33.918,4
pingAllIntermediate,full-load,100,p0g10,1523041173920,21:59:33.920,2
pingAllIntermediate,full-load,100,p0g10,1523041173923,21:59:33.923,3
pingAllIntermediate,full-load,100,p0g10,1523041173925,21:59:33.925,2
pingAllIntermediate,full-load,100,p0g10,1523041173928,21:59:33.928,3
pingAllIntermediate,full-load,100,p0g10,1523041173942,21:59:33.942,14
pingAllIntermediate,full-load,100,p0g10,1523041173966,21:59:33.966,24
pingAllIntermediate,full-load,100,p0g10,1523041174012,21:59:34.012,46
pingAllIntermediate,full-load,100,p0g10,1523041174040,21:59:34.040,28
pingAllIntermediate,full-load,100,p0g10,1523041174071,21:59:34.071,31
pingAllIntermediate,full-load,100,p0g10,1523041174099,21:59:34.099,28
pingAllIntermediate,full-load,100,p0g10,1523041174123,21:59:34.123,24
pingAllIntermediate,full-load,100,p0g10,1523041174163,21:59:34.163,40
pingAllIntermediate,full-load,100,p0g10,1523041174187,21:59:34.187,24
pingAllIntermediate,full-load,100,p0g10,1523041174210,21:59:34.210,23
pingAllIntermediate,full-load,100,p0g10,1523041174243,21:59:34.243,33
pingAllIntermediate,full-load,100,p0g10,1523041174283,21:59:34.283,40
pingAllIntermediate,full-load,100,p0g10,1523041174310,21:59:34.310,27
pingAllIntermediate,full-load,100,p0g10,1523041174343,21:59:34.343,33
pingAllIntermediate,full-load,100,p0g10,1523041174383,21:59:34.383,40
pingAllIntermediate,full-load,100,p0g10,1523041174410,21:59:34.410,27
pingAllIntermediate,full-load,100,p0g10,1523041174443,21:59:34.443,33
pingAllIntermediate,full-load,100,p0g10,1523041174483,21:59:34.483,40
pingAllIntermediate,full-load,100,p0g10,1523041174523,21:59:34.523,40
pingAllIntermediate,full-load,100,p0g10,1523041174548,21:59:34.548,25
pingAllIntermediate,full-load,100,p0g10,1523041174552,21:59:34.552,4
pingAllIntermediate,full-load,100,p0g10,1523041174558,21:59:34.558,6
pingAllIntermediate,full-load,100,p0g10,1523041174563,21:59:34.563,5
pingAllIntermediate,full-load,100,p0g10,1523041174583,21:59:34.583,20
pingAllIntermediate,full-load,100,p0g10,1523041174584,21:59:34.584,1
pingAllIntermediate,full-load,100,p0g10,1523041174589,21:59:34.589,5
pingAllIntermediate,full-load,100,p0g10,1523041174591,21:59:34.591,2
pingAllIntermediate,full-load,100,p0g10,1523041174592,21:59:34.592,1
pingAllIntermediate,full-load,100,p0g10,1523041174594,21:59:34.594,2
pingAllIntermediate,full-load,100,p0g10,1523041174597,21:59:34.597,3
pingAllIntermediate,full-load,100,p0g10,1523041174598,21:59:34.598,1
pingAllIntermediate,full-load,100,p0g10,1523041174601,21:59:34.601,3
pingAllIntermediate,full-load,100,p0g10,1523041174606,21:59:34.606,5
pingAllIntermediate,full-load,100,p0g10,1523041174621,21:59:34.621,15
pingAllIntermediate,full-load,100,p0g10,1523041174623,21:59:34.623,2
pingAllIntermediate,full-load,100,p0g10,1523041174623,21:59:34.623,0
pingAllIntermediate,full-load,100,p0g10,1523041174630,21:59:34.630,7
pingAllIntermediate,full-load,100,p0g10,1523041174631,21:59:34.631,1
pingAllIntermediate,full-load,100,p0g10,1523041174633,21:59:34.633,2
pingAllIntermediate,full-load,100,p0g10,1523041174635,21:59:34.635,2
pingAllIntermediate,full-load,100,p0g10,1523041174639,21:59:34.639,4
pingAllIntermediate,full-load,100,p0g10,1523041174642,21:59:34.642,3
pingAllIntermediate,full-load,100,p0g10,1523041174644,21:59:34.644,2
pingAllIntermediate,full-load,100,p0g10,1523041174655,21:59:34.655,11
pingAllIntermediate,full-load,100,p0g10,1523041174680,21:59:34.680,25
pingAllIntermediate,full-load,100,p0g10,1523041174710,21:59:34.710,30
pingAllIntermediate,full-load,100,p0g10,1523041174736,21:59:34.736,26
pingAllIntermediate,full-load,100,p0g10,1523041174738,21:59:34.738,2
pingAllIntermediate,full-load,100,p0g10,1523041174740,21:59:34.740,2
pingAllIntermediate,full-load,100,p0g10,1523041174742,21:59:34.742,2
pingAllIntermediate,full-load,100,p0g10,1523041174746,21:59:34.746,4
pingAllIntermediate,full-load,100,p0g10,1523041174749,21:59:34.749,3
pingAllIntermediate,full-load,100,p0g10,1523041174750,21:59:34.750,1
pingAllIntermediate,full-load,100,p0g10,1523041174754,21:59:34.754,4
pingAllIntermediate,full-load,100,p0g10,1523041174755,21:59:34.755,1
pingAllIntermediate,full-load,100,p0g10,1523041174757,21:59:34.757,2
pingAllIntermediate,full-load,100,p0g10,1523041174759,21:59:34.759,2
pingAllIntermediate,full-load,100,p0g10,1523041174761,21:59:34.761,2
pingAllIntermediate,full-load,100,p0g10,1523041174763,21:59:34.763,2
pingAllIntermediate,full-load,100,p0g10,1523041174768,21:59:34.768,5
pingAllIntermediate,full-load,100,p0g10,1523041174769,21:59:34.769,1
pingAllIntermediate,full-load,100,p0g10,1523041174770,21:59:34.770,1
pingAllIntermediate,full-load,100,p0g10,1523041174776,21:59:34.776,6
pingAllIntermediate,full-load,100,p0g10,1523041174781,21:59:34.781,5
pingAllIntermediate,full-load,100,p0g10,1523041174789,21:59:34.789,8
pingAllIntermediate,full-load,100,p0g10,1523041174795,21:59:34.795,6
pingAllIntermediate,full-load,100,p0g10,1523041174797,21:59:34.797,2
pingAllIntermediate,full-load,100,p0g10,1523041174809,21:59:34.809,12
pingAllIntermediate,full-load,100,p0g10,1523041174809,21:59:34.809,0
pingAllIntermediate,full-load,100,p0g10,1523041174810,21:59:34.810,1
pingAllIntermediate,full-load,100,p0g10,1523041174814,21:59:34.814,4
pingAllIntermediate,full-load,100,p0g10,1523041174817,21:59:34.817,3
pingAllIntermediate,full-load,100,p0g10,1523041174822,21:59:34.822,5
pingAllIntermediate,full-load,100,p0g10,1523041174829,21:59:34.829,7
pingAllIntermediate,full-load,100,p0g10,1523041174830,21:59:34.830,1
pingAllIntermediate,full-load,100,p0g10,1523041174832,21:59:34.832,2
pingAllIntermediate,full-load,100,p0g10,1523041174836,21:59:34.836,4
pingAllIntermediate,full-load,100,p0g10,1523041174836,21:59:34.836,0
pingAllIntermediate,full-load,100,p0g10,1523041174841,21:59:34.841,5
pingAllIntermediate,full-load,100,p0g10,1523041174842,21:59:34.842,1
pingAllIntermediate,full-load,100,p0g10,1523041174843,21:59:34.843,1
pingAllIntermediate,full-load,100,p0g10,1523041174845,21:59:34.845,2
pingAllIntermediate,full-load,100,p0g10,1523041174846,21:59:34.846,1
pingAllIntermediate,full-load,100,p0g10,1523041174847,21:59:34.847,1
pingAllIntermediate,full-load,100,p0g10,1523041174848,21:59:34.848,1
pingAllIntermediate,full-load,100,p0g10,1523041174850,21:59:34.850,2
pingAllIntermediate,full-load,100,p0g10,1523041174853,21:59:34.853,3
