testGroup,phase,iterations,pid,timestamp,time,latency
pingAllIntermediate,full-load,100,/172.17.63.18_0,1522777116828,20:38:36.828,3
pingAllIntermediate,full-load,100,/172.17.63.18_0,1522777116837,20:38:36.837,9
pingAllIntermediate,full-load,100,/172.17.63.18_0,1522777116841,20:38:36.841,4
pingAllIntermediate,full-load,100,/172.17.63.18_0,1522777116850,20:38:36.850,9
pingAllIntermediate,full-load,100,/172.17.63.18_0,1522777116852,20:38:36.852,2
pingAllIntermediate,full-load,100,/172.17.63.18_0,1522777116856,20:38:36.856,4
pingAllIntermediate,full-load,100,/172.17.63.18_0,1522777116862,20:38:36.862,6
pingAllIntermediate,full-load,100,/172.17.63.18_0,1522777116865,20:38:36.865,3
pingAllIntermediate,full-load,100,/172.17.63.18_0,1522777116868,20:38:36.868,3
pingAllIntermediate,full-load,100,/172.17.63.18_0,1522777116872,20:38:36.872,4
pingAllIntermediate,full-load,100,/172.17.63.18_0,1522777116875,20:38:36.875,3
pingAllIntermediate,full-load,100,/172.17.63.18_0,1522777116877,20:38:36.877,2
pingAllIntermediate,full-load,100,/172.17.63.18_0,1522777116880,20:38:36.880,3
pingAllIntermediate,full-load,100,/172.17.63.18_0,1522777116883,20:38:36.883,3
pingAllIntermediate,full-load,100,/172.17.63.18_0,1522777116886,20:38:36.886,3
pingAllIntermediate,full-load,100,/172.17.63.18_0,1522777116888,20:38:36.888,2
pingAllIntermediate,full-load,100,/172.17.63.18_0,1522777116891,20:38:36.891,3
pingAllIntermediate,full-load,100,/172.17.63.18_0,1522777116904,20:38:36.904,13
pingAllIntermediate,full-load,100,/172.17.63.18_0,1522777116908,20:38:36.908,4
pingAllIntermediate,full-load,100,/172.17.63.18_0,1522777116910,20:38:36.910,2
pingAllIntermediate,full-load,100,/172.17.63.18_0,1522777116915,20:38:36.915,5
pingAllIntermediate,full-load,100,/172.17.63.18_0,1522777116917,20:38:36.917,2
pingAllIntermediate,full-load,100,/172.17.63.18_0,1522777116919,20:38:36.919,2
pingAllIntermediate,full-load,100,/172.17.63.18_0,1522777116922,20:38:36.922,3
pingAllIntermediate,full-load,100,/172.17.63.18_0,1522777116925,20:38:36.925,3
pingAllIntermediate,full-load,100,/172.17.63.18_0,1522777116927,20:38:36.927,2
pingAllIntermediate,full-load,100,/172.17.63.18_0,1522777116932,20:38:36.932,5
pingAllIntermediate,full-load,100,/172.17.63.18_0,1522777116941,20:38:36.941,9
pingAllIntermediate,full-load,100,/172.17.63.18_0,1522777116964,20:38:36.964,23
pingAllIntermediate,full-load,100,/172.17.63.18_0,1522777116967,20:38:36.967,3
pingAllIntermediate,full-load,100,/172.17.63.18_0,1522777116972,20:38:36.972,5
pingAllIntermediate,full-load,100,/172.17.63.18_0,1522777116985,20:38:36.985,13
pingAllIntermediate,full-load,100,/172.17.63.18_0,1522777116988,20:38:36.988,3
pingAllIntermediate,full-load,100,/172.17.63.18_0,1522777116990,20:38:36.990,2
pingAllIntermediate,full-load,100,/172.17.63.18_0,1522777116998,20:38:36.998,8
pingAllIntermediate,full-load,100,/172.17.63.18_0,1522777117000,20:38:37.000,2
pingAllIntermediate,full-load,100,/172.17.63.18_0,1522777117004,20:38:37.004,4
pingAllIntermediate,full-load,100,/172.17.63.18_0,1522777117007,20:38:37.007,3
pingAllIntermediate,full-load,100,/172.17.63.18_0,1522777117010,20:38:37.010,3
pingAllIntermediate,full-load,100,/172.17.63.18_0,1522777117012,20:38:37.012,2
pingAllIntermediate,full-load,100,/172.17.63.18_0,1522777117014,20:38:37.014,2
pingAllIntermediate,full-load,100,/172.17.63.18_0,1522777117016,20:38:37.016,2
pingAllIntermediate,full-load,100,/172.17.63.18_0,1522777117019,20:38:37.019,3
pingAllIntermediate,full-load,100,/172.17.63.18_0,1522777117021,20:38:37.021,2
pingAllIntermediate,full-load,100,/172.17.63.18_0,1522777117024,20:38:37.024,3
pingAllIntermediate,full-load,100,/172.17.63.18_0,1522777117027,20:38:37.027,3
pingAllIntermediate,full-load,100,/172.17.63.18_0,1522777117029,20:38:37.029,2
pingAllIntermediate,full-load,100,/172.17.63.18_0,1522777117032,20:38:37.032,3
pingAllIntermediate,full-load,100,/172.17.63.18_0,1522777117034,20:38:37.034,2
pingAllIntermediate,full-load,100,/172.17.63.18_0,1522777117037,20:38:37.037,3
pingAllIntermediate,full-load,100,/172.17.63.18_0,1522777117039,20:38:37.039,2
pingAllIntermediate,full-load,100,/172.17.63.18_0,1522777117041,20:38:37.041,2
pingAllIntermediate,full-load,100,/172.17.63.18_0,1522777117044,20:38:37.044,3
pingAllIntermediate,full-load,100,/172.17.63.18_0,1522777117046,20:38:37.046,2
pingAllIntermediate,full-load,100,/172.17.63.18_0,1522777117050,20:38:37.050,4
pingAllIntermediate,full-load,100,/172.17.63.18_0,1522777117056,20:38:37.056,6
pingAllIntermediate,full-load,100,/172.17.63.18_0,1522777117058,20:38:37.058,2
pingAllIntermediate,full-load,100,/172.17.63.18_0,1522777117060,20:38:37.060,2
pingAllIntermediate,full-load,100,/172.17.63.18_0,1522777117062,20:38:37.062,2
pingAllIntermediate,full-load,100,/172.17.63.18_0,1522777117065,20:38:37.065,3
pingAllIntermediate,full-load,100,/172.17.63.18_0,1522777117067,20:38:37.067,2
pingAllIntermediate,full-load,100,/172.17.63.18_0,1522777117069,20:38:37.069,2
pingAllIntermediate,full-load,100,/172.17.63.18_0,1522777117072,20:38:37.072,3
pingAllIntermediate,full-load,100,/172.17.63.18_0,1522777117074,20:38:37.074,2
pingAllIntermediate,full-load,100,/172.17.63.18_0,1522777117077,20:38:37.077,3
pingAllIntermediate,full-load,100,/172.17.63.18_0,1522777117080,20:38:37.080,2
pingAllIntermediate,full-load,100,/172.17.63.18_0,1522777117082,20:38:37.082,2
pingAllIntermediate,full-load,100,/172.17.63.18_0,1522777117085,20:38:37.085,3
pingAllIntermediate,full-load,100,/172.17.63.18_0,1522777117087,20:38:37.087,2
pingAllIntermediate,full-load,100,/172.17.63.18_0,1522777117092,20:38:37.092,5
pingAllIntermediate,full-load,100,/172.17.63.18_0,1522777117095,20:38:37.095,3
pingAllIntermediate,full-load,100,/172.17.63.18_0,1522777117097,20:38:37.097,2
pingAllIntermediate,full-load,100,/172.17.63.18_0,1522777117099,20:38:37.099,2
pingAllIntermediate,full-load,100,/172.17.63.18_0,1522777117102,20:38:37.102,3
pingAllIntermediate,full-load,100,/172.17.63.18_0,1522777117105,20:38:37.105,3
pingAllIntermediate,full-load,100,/172.17.63.18_0,1522777117107,20:38:37.107,2
pingAllIntermediate,full-load,100,/172.17.63.18_0,1522777117109,20:38:37.109,2
pingAllIntermediate,full-load,100,/172.17.63.18_0,1522777117111,20:38:37.111,2
pingAllIntermediate,full-load,100,/172.17.63.18_0,1522777117113,20:38:37.113,2
pingAllIntermediate,full-load,100,/172.17.63.18_0,1522777117115,20:38:37.115,2
pingAllIntermediate,full-load,100,/172.17.63.18_0,1522777117118,20:38:37.118,3
pingAllIntermediate,full-load,100,/172.17.63.18_0,1522777117120,20:38:37.120,2
pingAllIntermediate,full-load,100,/172.17.63.18_0,1522777117124,20:38:37.124,4
pingAllIntermediate,full-load,100,/172.17.63.18_0,1522777117138,20:38:37.138,14
pingAllIntermediate,full-load,100,/172.17.63.18_0,1522777117140,20:38:37.140,2
pingAllIntermediate,full-load,100,/172.17.63.18_0,1522777117142,20:38:37.142,2
pingAllIntermediate,full-load,100,/172.17.63.18_0,1522777117146,20:38:37.146,4
pingAllIntermediate,full-load,100,/172.17.63.18_0,1522777117148,20:38:37.148,2
pingAllIntermediate,full-load,100,/172.17.63.18_0,1522777117149,20:38:37.149,1
pingAllIntermediate,full-load,100,/172.17.63.18_0,1522777117152,20:38:37.152,3
pingAllIntermediate,full-load,100,/172.17.63.18_0,1522777117154,20:38:37.154,2
pingAllIntermediate,full-load,100,/172.17.63.18_0,1522777117156,20:38:37.156,2
pingAllIntermediate,full-load,100,/172.17.63.18_0,1522777117158,20:38:37.158,2
pingAllIntermediate,full-load,100,/172.17.63.18_0,1522777117160,20:38:37.160,2
pingAllIntermediate,full-load,100,/172.17.63.18_0,1522777117162,20:38:37.162,2
pingAllIntermediate,full-load,100,/172.17.63.18_0,1522777117164,20:38:37.164,2
pingAllIntermediate,full-load,100,/172.17.63.18_0,1522777117166,20:38:37.166,2
pingAllIntermediate,full-load,100,/172.17.63.18_0,1522777117168,20:38:37.168,2
pingAllIntermediate,full-load,100,/172.17.63.18_0,1522777117170,20:38:37.170,2
pingAllIntermediate,full-load,100,/172.17.63.18_0,1522777117172,20:38:37.172,2