testGroup,phase,iterations,pid,timestamp,time,latency
pingAllIntermediate,full-load,100,/172.17.63.91_0,1522700977967,23:29:37.967,2
pingAllIntermediate,full-load,100,/172.17.63.91_0,1522700977980,23:29:37.980,13
pingAllIntermediate,full-load,100,/172.17.63.91_0,1522700977982,23:29:37.982,2
pingAllIntermediate,full-load,100,/172.17.63.91_0,1522700977987,23:29:37.987,5
pingAllIntermediate,full-load,100,/172.17.63.91_0,1522700977990,23:29:37.990,3
pingAllIntermediate,full-load,100,/172.17.63.91_0,1522700977992,23:29:37.992,2
pingAllIntermediate,full-load,100,/172.17.63.91_0,1522700978009,23:29:38.009,17
pingAllIntermediate,full-load,100,/172.17.63.91_0,1522700978021,23:29:38.021,12
pingAllIntermediate,full-load,100,/172.17.63.91_0,1522700978025,23:29:38.025,4
pingAllIntermediate,full-load,100,/172.17.63.91_0,1522700978036,23:29:38.036,11
pingAllIntermediate,full-load,100,/172.17.63.91_0,1522700978039,23:29:38.039,3
pingAllIntermediate,full-load,100,/172.17.63.91_0,1522700978046,23:29:38.046,7
pingAllIntermediate,full-load,100,/172.17.63.91_0,1522700978051,23:29:38.051,5
pingAllIntermediate,full-load,100,/172.17.63.91_0,1522700978053,23:29:38.053,2
pingAllIntermediate,full-load,100,/172.17.63.91_0,1522700978056,23:29:38.056,3
pingAllIntermediate,full-load,100,/172.17.63.91_0,1522700978059,23:29:38.059,3
pingAllIntermediate,full-load,100,/172.17.63.91_0,1522700978069,23:29:38.069,10
pingAllIntermediate,full-load,100,/172.17.63.91_0,1522700978072,23:29:38.072,3
pingAllIntermediate,full-load,100,/172.17.63.91_0,1522700978074,23:29:38.074,2
pingAllIntermediate,full-load,100,/172.17.63.91_0,1522700978078,23:29:38.078,4
pingAllIntermediate,full-load,100,/172.17.63.91_0,1522700978081,23:29:38.081,3
pingAllIntermediate,full-load,100,/172.17.63.91_0,1522700978084,23:29:38.084,3
pingAllIntermediate,full-load,100,/172.17.63.91_0,1522700978091,23:29:38.091,7
pingAllIntermediate,full-load,100,/172.17.63.91_0,1522700978103,23:29:38.103,12
pingAllIntermediate,full-load,100,/172.17.63.91_0,1522700978106,23:29:38.106,3
pingAllIntermediate,full-load,100,/172.17.63.91_0,1522700978109,23:29:38.109,3
pingAllIntermediate,full-load,100,/172.17.63.91_0,1522700978113,23:29:38.113,4
pingAllIntermediate,full-load,100,/172.17.63.91_0,1522700978116,23:29:38.116,3
pingAllIntermediate,full-load,100,/172.17.63.91_0,1522700978120,23:29:38.120,4
pingAllIntermediate,full-load,100,/172.17.63.91_0,1522700978125,23:29:38.125,5
pingAllIntermediate,full-load,100,/172.17.63.91_0,1522700978139,23:29:38.139,14
pingAllIntermediate,full-load,100,/172.17.63.91_0,1522700978145,23:29:38.145,6
pingAllIntermediate,full-load,100,/172.17.63.91_0,1522700978153,23:29:38.153,8
pingAllIntermediate,full-load,100,/172.17.63.91_0,1522700978160,23:29:38.160,7
pingAllIntermediate,full-load,100,/172.17.63.91_0,1522700978163,23:29:38.163,3
pingAllIntermediate,full-load,100,/172.17.63.91_0,1522700978169,23:29:38.169,6
pingAllIntermediate,full-load,100,/172.17.63.91_0,1522700978179,23:29:38.179,10
pingAllIntermediate,full-load,100,/172.17.63.91_0,1522700978181,23:29:38.181,2
pingAllIntermediate,full-load,100,/172.17.63.91_0,1522700978189,23:29:38.189,8
pingAllIntermediate,full-load,100,/172.17.63.91_0,1522700978191,23:29:38.191,1
pingAllIntermediate,full-load,100,/172.17.63.91_0,1522700978193,23:29:38.193,2
pingAllIntermediate,full-load,100,/172.17.63.91_0,1522700978204,23:29:38.204,11
pingAllIntermediate,full-load,100,/172.17.63.91_0,1522700978206,23:29:38.206,2
pingAllIntermediate,full-load,100,/172.17.63.91_0,1522700978208,23:29:38.208,2
pingAllIntermediate,full-load,100,/172.17.63.91_0,1522700978210,23:29:38.210,2
pingAllIntermediate,full-load,100,/172.17.63.91_0,1522700978211,23:29:38.211,1
pingAllIntermediate,full-load,100,/172.17.63.91_0,1522700978213,23:29:38.213,2
pingAllIntermediate,full-load,100,/172.17.63.91_0,1522700978215,23:29:38.215,2
pingAllIntermediate,full-load,100,/172.17.63.91_0,1522700978216,23:29:38.216,1
pingAllIntermediate,full-load,100,/172.17.63.91_0,1522700978223,23:29:38.223,7
pingAllIntermediate,full-load,100,/172.17.63.91_0,1522700978225,23:29:38.225,2
pingAllIntermediate,full-load,100,/172.17.63.91_0,1522700978226,23:29:38.226,1
pingAllIntermediate,full-load,100,/172.17.63.91_0,1522700978231,23:29:38.231,5
pingAllIntermediate,full-load,100,/172.17.63.91_0,1522700978233,23:29:38.233,2
pingAllIntermediate,full-load,100,/172.17.63.91_0,1522700978235,23:29:38.235,2
pingAllIntermediate,full-load,100,/172.17.63.91_0,1522700978237,23:29:38.237,2
pingAllIntermediate,full-load,100,/172.17.63.91_0,1522700978239,23:29:38.239,2
pingAllIntermediate,full-load,100,/172.17.63.91_0,1522700978241,23:29:38.241,2
pingAllIntermediate,full-load,100,/172.17.63.91_0,1522700978243,23:29:38.243,2
pingAllIntermediate,full-load,100,/172.17.63.91_0,1522700978246,23:29:38.246,3
pingAllIntermediate,full-load,100,/172.17.63.91_0,1522700978249,23:29:38.249,3
pingAllIntermediate,full-load,100,/172.17.63.91_0,1522700978251,23:29:38.251,2
pingAllIntermediate,full-load,100,/172.17.63.91_0,1522700978255,23:29:38.255,4
pingAllIntermediate,full-load,100,/172.17.63.91_0,1522700978269,23:29:38.269,14
pingAllIntermediate,full-load,100,/172.17.63.91_0,1522700978271,23:29:38.271,2
pingAllIntermediate,full-load,100,/172.17.63.91_0,1522700978274,23:29:38.274,3
pingAllIntermediate,full-load,100,/172.17.63.91_0,1522700978277,23:29:38.277,3
pingAllIntermediate,full-load,100,/172.17.63.91_0,1522700978279,23:29:38.279,2
pingAllIntermediate,full-load,100,/172.17.63.91_0,1522700978281,23:29:38.281,2
pingAllIntermediate,full-load,100,/172.17.63.91_0,1522700978283,23:29:38.283,2
pingAllIntermediate,full-load,100,/172.17.63.91_0,1522700978284,23:29:38.284,1
pingAllIntermediate,full-load,100,/172.17.63.91_0,1522700978287,23:29:38.287,3
pingAllIntermediate,full-load,100,/172.17.63.91_0,1522700978295,23:29:38.295,8
pingAllIntermediate,full-load,100,/172.17.63.91_0,1522700978301,23:29:38.301,6
pingAllIntermediate,full-load,100,/172.17.63.91_0,1522700978310,23:29:38.310,9
pingAllIntermediate,full-load,100,/172.17.63.91_0,1522700978318,23:29:38.318,8
pingAllIntermediate,full-load,100,/172.17.63.91_0,1522700978321,23:29:38.321,3
pingAllIntermediate,full-load,100,/172.17.63.91_0,1522700978323,23:29:38.323,2
pingAllIntermediate,full-load,100,/172.17.63.91_0,1522700978328,23:29:38.328,5
pingAllIntermediate,full-load,100,/172.17.63.91_0,1522700978330,23:29:38.330,2
pingAllIntermediate,full-load,100,/172.17.63.91_0,1522700978331,23:29:38.331,1
pingAllIntermediate,full-load,100,/172.17.63.91_0,1522700978333,23:29:38.333,2
pingAllIntermediate,full-load,100,/172.17.63.91_0,1522700978334,23:29:38.334,1
pingAllIntermediate,full-load,100,/172.17.63.91_0,1522700978336,23:29:38.336,2
pingAllIntermediate,full-load,100,/172.17.63.91_0,1522700978337,23:29:38.337,1
pingAllIntermediate,full-load,100,/172.17.63.91_0,1522700978344,23:29:38.344,7
pingAllIntermediate,full-load,100,/172.17.63.91_0,1522700978345,23:29:38.345,1
pingAllIntermediate,full-load,100,/172.17.63.91_0,1522700978347,23:29:38.347,1
pingAllIntermediate,full-load,100,/172.17.63.91_0,1522700978351,23:29:38.351,4
pingAllIntermediate,full-load,100,/172.17.63.91_0,1522700978353,23:29:38.353,2
pingAllIntermediate,full-load,100,/172.17.63.91_0,1522700978354,23:29:38.354,1
pingAllIntermediate,full-load,100,/172.17.63.91_0,1522700978356,23:29:38.356,2
pingAllIntermediate,full-load,100,/172.17.63.91_0,1522700978358,23:29:38.358,2
pingAllIntermediate,full-load,100,/172.17.63.91_0,1522700978359,23:29:38.359,1
pingAllIntermediate,full-load,100,/172.17.63.91_0,1522700978376,23:29:38.376,17
pingAllIntermediate,full-load,100,/172.17.63.91_0,1522700978380,23:29:38.380,4
pingAllIntermediate,full-load,100,/172.17.63.91_0,1522700978382,23:29:38.382,2
pingAllIntermediate,full-load,100,/172.17.63.91_0,1522700978383,23:29:38.383,1
pingAllIntermediate,full-load,100,/172.17.63.91_0,1522700978385,23:29:38.385,2
pingAllIntermediate,full-load,100,/172.17.63.91_0,1522700978387,23:29:38.387,2