pingAllIntermediate,full-load,100,p0g1,1523045903134,23:18:23.134,4
pingAllIntermediate,full-load,100,p0g1,1523045903143,23:18:23.143,9
pingAllIntermediate,full-load,100,p0g1,1523045903147,23:18:23.147,4
pingAllIntermediate,full-load,100,p0g1,1523045903149,23:18:23.149,2
pingAllIntermediate,full-load,100,p0g1,1523045903160,23:18:23.160,11
pingAllIntermediate,full-load,100,p0g1,1523045903163,23:18:23.163,3
pingAllIntermediate,full-load,100,p0g1,1523045903165,23:18:23.165,2
pingAllIntermediate,full-load,100,p0g1,1523045903168,23:18:23.168,3
pingAllIntermediate,full-load,100,p0g1,1523045903171,23:18:23.171,3
pingAllIntermediate,full-load,100,p0g1,1523045903178,23:18:23.178,7
pingAllIntermediate,full-load,100,p0g1,1523045903181,23:18:23.181,3
pingAllIntermediate,full-load,100,p0g1,1523045903183,23:18:23.183,2
pingAllIntermediate,full-load,100,p0g1,1523045903185,23:18:23.185,2
pingAllIntermediate,full-load,100,p0g1,1523045903197,23:18:23.197,12
pingAllIntermediate,full-load,100,p0g1,1523045903203,23:18:23.203,6
pingAllIntermediate,full-load,100,p0g1,1523045903210,23:18:23.210,7
pingAllIntermediate,full-load,100,p0g1,1523045903222,23:18:23.222,12
pingAllIntermediate,full-load,100,p0g1,1523045903231,23:18:23.231,9
pingAllIntermediate,full-load,100,p0g1,1523045903252,23:18:23.252,21
pingAllIntermediate,full-load,100,p0g1,1523045903256,23:18:23.256,4
pingAllIntermediate,full-load,100,p0g1,1523045903261,23:18:23.261,5
pingAllIntermediate,full-load,100,p0g1,1523045903268,23:18:23.268,7
pingAllIntermediate,full-load,100,p0g1,1523045903276,23:18:23.276,8
pingAllIntermediate,full-load,100,p0g1,1523045903285,23:18:23.285,9
pingAllIntermediate,full-load,100,p0g1,1523045903287,23:18:23.287,2
pingAllIntermediate,full-load,100,p0g1,1523045903290,23:18:23.290,3
pingAllIntermediate,full-load,100,p0g1,1523045903297,23:18:23.297,7
pingAllIntermediate,full-load,100,p0g1,1523045903303,23:18:23.303,6
pingAllIntermediate,full-load,100,p0g1,1523045903306,23:18:23.306,3
pingAllIntermediate,full-load,100,p0g1,1523045903309,23:18:23.309,3
pingAllIntermediate,full-load,100,p0g1,1523045903314,23:18:23.314,5
pingAllIntermediate,full-load,100,p0g1,1523045903316,23:18:23.316,2
pingAllIntermediate,full-load,100,p0g1,1523045903320,23:18:23.320,4
pingAllIntermediate,full-load,100,p0g1,1523045903325,23:18:23.325,5
pingAllIntermediate,full-load,100,p0g1,1523045903331,23:18:23.331,6
pingAllIntermediate,full-load,100,p0g1,1523045903341,23:18:23.341,10
pingAllIntermediate,full-load,100,p0g1,1523045903345,23:18:23.345,4
pingAllIntermediate,full-load,100,p0g1,1523045903347,23:18:23.347,2
pingAllIntermediate,full-load,100,p0g1,1523045903349,23:18:23.349,2
pingAllIntermediate,full-load,100,p0g1,1523045903350,23:18:23.350,1
pingAllIntermediate,full-load,100,p0g1,1523045903352,23:18:23.352,2
pingAllIntermediate,full-load,100,p0g1,1523045903364,23:18:23.364,12
pingAllIntermediate,full-load,100,p0g1,1523045903381,23:18:23.381,17
pingAllIntermediate,full-load,100,p0g1,1523045903384,23:18:23.384,2
pingAllIntermediate,full-load,100,p0g1,1523045903385,23:18:23.385,1
pingAllIntermediate,full-load,100,p0g1,1523045903389,23:18:23.389,4
pingAllIntermediate,full-load,100,p0g1,1523045903391,23:18:23.391,2
pingAllIntermediate,full-load,100,p0g1,1523045903399,23:18:23.399,8
pingAllIntermediate,full-load,100,p0g1,1523045903401,23:18:23.401,2
pingAllIntermediate,full-load,100,p0g1,1523045903402,23:18:23.402,1
pingAllIntermediate,full-load,100,p0g1,1523045903404,23:18:23.404,2
pingAllIntermediate,full-load,100,p0g1,1523045903408,23:18:23.408,4
pingAllIntermediate,full-load,100,p0g1,1523045903410,23:18:23.410,2
pingAllIntermediate,full-load,100,p0g1,1523045903422,23:18:23.422,12
pingAllIntermediate,full-load,100,p0g1,1523045903424,23:18:23.424,2
pingAllIntermediate,full-load,100,p0g1,1523045903427,23:18:23.427,3
pingAllIntermediate,full-load,100,p0g1,1523045903429,23:18:23.429,2
pingAllIntermediate,full-load,100,p0g1,1523045903444,23:18:23.444,15
pingAllIntermediate,full-load,100,p0g1,1523045903459,23:18:23.459,15
pingAllIntermediate,full-load,100,p0g1,1523045903480,23:18:23.480,21
pingAllIntermediate,full-load,100,p0g1,1523045903499,23:18:23.499,19
pingAllIntermediate,full-load,100,p0g1,1523045903519,23:18:23.519,20
pingAllIntermediate,full-load,100,p0g1,1523045903539,23:18:23.539,20
pingAllIntermediate,full-load,100,p0g1,1523045903559,23:18:23.559,20
pingAllIntermediate,full-load,100,p0g1,1523045903579,23:18:23.579,20
pingAllIntermediate,full-load,100,p0g1,1523045903599,23:18:23.599,20
pingAllIntermediate,full-load,100,p0g1,1523045903619,23:18:23.619,20
pingAllIntermediate,full-load,100,p0g1,1523045903639,23:18:23.639,20
pingAllIntermediate,full-load,100,p0g1,1523045903659,23:18:23.659,20
pingAllIntermediate,full-load,100,p0g1,1523045903678,23:18:23.678,19
pingAllIntermediate,full-load,100,p0g1,1523045903680,23:18:23.680,2
pingAllIntermediate,full-load,100,p0g1,1523045903681,23:18:23.681,1
pingAllIntermediate,full-load,100,p0g1,1523045903691,23:18:23.691,10
pingAllIntermediate,full-load,100,p0g1,1523045903693,23:18:23.693,2
pingAllIntermediate,full-load,100,p0g1,1523045903696,23:18:23.696,3
pingAllIntermediate,full-load,100,p0g1,1523045903701,23:18:23.701,5
pingAllIntermediate,full-load,100,p0g1,1523045903703,23:18:23.703,2
pingAllIntermediate,full-load,100,p0g1,1523045903724,23:18:23.724,21
pingAllIntermediate,full-load,100,p0g1,1523045903727,23:18:23.727,3
pingAllIntermediate,full-load,100,p0g1,1523045903729,23:18:23.729,2
pingAllIntermediate,full-load,100,p0g1,1523045903730,23:18:23.730,1
pingAllIntermediate,full-load,100,p0g1,1523045903739,23:18:23.739,9
pingAllIntermediate,full-load,100,p0g1,1523045903741,23:18:23.741,2
pingAllIntermediate,full-load,100,p0g1,1523045903742,23:18:23.742,1
pingAllIntermediate,full-load,100,p0g1,1523045903745,23:18:23.745,3
pingAllIntermediate,full-load,100,p0g1,1523045903751,23:18:23.751,6
pingAllIntermediate,full-load,100,p0g1,1523045903752,23:18:23.752,1
pingAllIntermediate,full-load,100,p0g1,1523045903754,23:18:23.754,2
pingAllIntermediate,full-load,100,p0g1,1523045903755,23:18:23.755,1
pingAllIntermediate,full-load,100,p0g1,1523045903757,23:18:23.757,2
pingAllIntermediate,full-load,100,p0g1,1523045903764,23:18:23.764,7
pingAllIntermediate,full-load,100,p0g1,1523045903766,23:18:23.766,2
pingAllIntermediate,full-load,100,p0g1,1523045903767,23:18:23.767,1
pingAllIntermediate,full-load,100,p0g1,1523045903770,23:18:23.770,3
pingAllIntermediate,full-load,100,p0g1,1523045903772,23:18:23.772,2
pingAllIntermediate,full-load,100,p0g1,1523045903773,23:18:23.773,1
pingAllIntermediate,full-load,100,p0g1,1523045903776,23:18:23.776,3
pingAllIntermediate,full-load,100,p0g1,1523045903780,23:18:23.780,4
pingAllIntermediate,full-load,100,p0g1,1523045903781,23:18:23.781,1
pingAllIntermediate,full-load,100,p0g1,1523045903785,23:18:23.785,4
