pingAllIntermediate,full-load,300,p0g1,1526320269742,20:51:09.742,2
pingAllIntermediate,full-load,300,p0g1,1526320269755,20:51:09.755,13
pingAllIntermediate,full-load,300,p0g1,1526320269758,20:51:09.758,3
pingAllIntermediate,full-load,300,p0g1,1526320269774,20:51:09.774,16
pingAllIntermediate,full-load,300,p0g1,1526320269776,20:51:09.776,2
pingAllIntermediate,full-load,300,p0g1,1526320269778,20:51:09.778,2
pingAllIntermediate,full-load,300,p0g1,1526320269780,20:51:09.780,2
pingAllIntermediate,full-load,300,p0g1,1526320269783,20:51:09.783,3
pingAllIntermediate,full-load,300,p0g1,1526320269785,20:51:09.785,2
pingAllIntermediate,full-load,300,p0g1,1526320269787,20:51:09.787,2
pingAllIntermediate,full-load,300,p0g1,1526320269788,20:51:09.788,1
pingAllIntermediate,full-load,300,p0g1,1526320269790,20:51:09.790,2
pingAllIntermediate,full-load,300,p0g1,1526320269792,20:51:09.792,2
pingAllIntermediate,full-load,300,p0g1,1526320269793,20:51:09.793,1
pingAllIntermediate,full-load,300,p0g1,1526320269795,20:51:09.795,2
pingAllIntermediate,full-load,300,p0g1,1526320269797,20:51:09.797,2
pingAllIntermediate,full-load,300,p0g1,1526320269799,20:51:09.799,2
pingAllIntermediate,full-load,300,p0g1,1526320269801,20:51:09.801,2
pingAllIntermediate,full-load,300,p0g1,1526320269803,20:51:09.803,2
pingAllIntermediate,full-load,300,p0g1,1526320269806,20:51:09.806,3
pingAllIntermediate,full-load,300,p0g1,1526320269808,20:51:09.808,2
pingAllIntermediate,full-load,300,p0g1,1526320269810,20:51:09.810,2
pingAllIntermediate,full-load,300,p0g1,1526320269813,20:51:09.813,3
pingAllIntermediate,full-load,300,p0g1,1526320269815,20:51:09.815,2
pingAllIntermediate,full-load,300,p0g1,1526320269817,20:51:09.817,2
pingAllIntermediate,full-load,300,p0g1,1526320269819,20:51:09.819,2
pingAllIntermediate,full-load,300,p0g1,1526320269821,20:51:09.821,2
pingAllIntermediate,full-load,300,p0g1,1526320269828,20:51:09.828,7
pingAllIntermediate,full-load,300,p0g1,1526320269830,20:51:09.830,2
pingAllIntermediate,full-load,300,p0g1,1526320269832,20:51:09.832,2
pingAllIntermediate,full-load,300,p0g1,1526320269834,20:51:09.834,2
pingAllIntermediate,full-load,300,p0g1,1526320269835,20:51:09.835,1
pingAllIntermediate,full-load,300,p0g1,1526320269837,20:51:09.837,2
pingAllIntermediate,full-load,300,p0g1,1526320269839,20:51:09.839,2
pingAllIntermediate,full-load,300,p0g1,1526320269841,20:51:09.841,2
pingAllIntermediate,full-load,300,p0g1,1526320269843,20:51:09.843,2
pingAllIntermediate,full-load,300,p0g1,1526320269851,20:51:09.851,8
pingAllIntermediate,full-load,300,p0g1,1526320269854,20:51:09.854,3
pingAllIntermediate,full-load,300,p0g1,1526320269855,20:51:09.855,1
pingAllIntermediate,full-load,300,p0g1,1526320269858,20:51:09.858,3
pingAllIntermediate,full-load,300,p0g1,1526320269859,20:51:09.859,1
pingAllIntermediate,full-load,300,p0g1,1526320269865,20:51:09.865,6
pingAllIntermediate,full-load,300,p0g1,1526320269867,20:51:09.867,2
pingAllIntermediate,full-load,300,p0g1,1526320269868,20:51:09.868,1
pingAllIntermediate,full-load,300,p0g1,1526320269870,20:51:09.870,2
pingAllIntermediate,full-load,300,p0g1,1526320269873,20:51:09.873,3
pingAllIntermediate,full-load,300,p0g1,1526320269877,20:51:09.877,4
pingAllIntermediate,full-load,300,p0g1,1526320269879,20:51:09.879,2
pingAllIntermediate,full-load,300,p0g1,1526320269880,20:51:09.880,1
pingAllIntermediate,full-load,300,p0g1,1526320269886,20:51:09.886,6
pingAllIntermediate,full-load,300,p0g1,1526320269888,20:51:09.888,2
pingAllIntermediate,full-load,300,p0g1,1526320269890,20:51:09.890,2
pingAllIntermediate,full-load,300,p0g1,1526320269891,20:51:09.891,1
pingAllIntermediate,full-load,300,p0g1,1526320269893,20:51:09.893,2
pingAllIntermediate,full-load,300,p0g1,1526320269895,20:51:09.895,2
pingAllIntermediate,full-load,300,p0g1,1526320269896,20:51:09.896,1
pingAllIntermediate,full-load,300,p0g1,1526320269898,20:51:09.898,2
pingAllIntermediate,full-load,300,p0g1,1526320269900,20:51:09.900,2
pingAllIntermediate,full-load,300,p0g1,1526320269901,20:51:09.901,1
pingAllIntermediate,full-load,300,p0g1,1526320269903,20:51:09.903,2
pingAllIntermediate,full-load,300,p0g1,1526320269905,20:51:09.905,2
pingAllIntermediate,full-load,300,p0g1,1526320269906,20:51:09.906,1
pingAllIntermediate,full-load,300,p0g1,1526320269908,20:51:09.908,2
pingAllIntermediate,full-load,300,p0g1,1526320269910,20:51:09.910,2
pingAllIntermediate,full-load,300,p0g1,1526320269911,20:51:09.911,1
pingAllIntermediate,full-load,300,p0g1,1526320269913,20:51:09.913,2
pingAllIntermediate,full-load,300,p0g1,1526320269915,20:51:09.915,2
pingAllIntermediate,full-load,300,p0g1,1526320269916,20:51:09.916,1
pingAllIntermediate,full-load,300,p0g1,1526320269918,20:51:09.918,2
pingAllIntermediate,full-load,300,p0g1,1526320269920,20:51:09.920,2
pingAllIntermediate,full-load,300,p0g1,1526320269927,20:51:09.927,7
pingAllIntermediate,full-load,300,p0g1,1526320269929,20:51:09.929,2
pingAllIntermediate,full-load,300,p0g1,1526320269931,20:51:09.931,2
pingAllIntermediate,full-load,300,p0g1,1526320269932,20:51:09.932,1
pingAllIntermediate,full-load,300,p0g1,1526320269934,20:51:09.934,2
pingAllIntermediate,full-load,300,p0g1,1526320269936,20:51:09.936,2
pingAllIntermediate,full-load,300,p0g1,1526320269938,20:51:09.938,2
pingAllIntermediate,full-load,300,p0g1,1526320269940,20:51:09.940,2
pingAllIntermediate,full-load,300,p0g1,1526320269942,20:51:09.942,2
pingAllIntermediate,full-load,300,p0g1,1526320269944,20:51:09.944,2
pingAllIntermediate,full-load,300,p0g1,1526320269945,20:51:09.945,1
pingAllIntermediate,full-load,300,p0g1,1526320269947,20:51:09.947,2
pingAllIntermediate,full-load,300,p0g1,1526320269948,20:51:09.948,1
pingAllIntermediate,full-load,300,p0g1,1526320269950,20:51:09.950,2
pingAllIntermediate,full-load,300,p0g1,1526320269952,20:51:09.952,2
pingAllIntermediate,full-load,300,p0g1,1526320269953,20:51:09.953,1
pingAllIntermediate,full-load,300,p0g1,1526320269955,20:51:09.955,2
pingAllIntermediate,full-load,300,p0g1,1526320269957,20:51:09.957,2
pingAllIntermediate,full-load,300,p0g1,1526320269958,20:51:09.958,1
pingAllIntermediate,full-load,300,p0g1,1526320269960,20:51:09.960,2
pingAllIntermediate,full-load,300,p0g1,1526320269962,20:51:09.962,2
pingAllIntermediate,full-load,300,p0g1,1526320269966,20:51:09.966,4
pingAllIntermediate,full-load,300,p0g1,1526320269968,20:51:09.968,2
pingAllIntermediate,full-load,300,p0g1,1526320269970,20:51:09.970,2
pingAllIntermediate,full-load,300,p0g1,1526320269975,20:51:09.975,5
pingAllIntermediate,full-load,300,p0g1,1526320269977,20:51:09.977,2
pingAllIntermediate,full-load,300,p0g1,1526320269979,20:51:09.979,2
pingAllIntermediate,full-load,300,p0g1,1526320269986,20:51:09.986,7
pingAllIntermediate,full-load,300,p0g1,1526320269988,20:51:09.988,2
pingAllIntermediate,full-load,300,p0g1,1526320269989,20:51:09.989,1
pingAllIntermediate,full-load,300,p0g1,1526320269991,20:51:09.991,2
pingAllIntermediate,full-load,300,p0g1,1526320269992,20:51:09.992,1
pingAllIntermediate,full-load,300,p0g1,1526320269994,20:51:09.994,2
pingAllIntermediate,full-load,300,p0g1,1526320269997,20:51:09.997,3
pingAllIntermediate,full-load,300,p0g1,1526320270000,20:51:10.000,3
pingAllIntermediate,full-load,300,p0g1,1526320270001,20:51:10.001,1
pingAllIntermediate,full-load,300,p0g1,1526320270003,20:51:10.003,2
pingAllIntermediate,full-load,300,p0g1,1526320270005,20:51:10.005,2
pingAllIntermediate,full-load,300,p0g1,1526320270006,20:51:10.006,1
pingAllIntermediate,full-load,300,p0g1,1526320270008,20:51:10.008,2
pingAllIntermediate,full-load,300,p0g1,1526320270010,20:51:10.010,2
pingAllIntermediate,full-load,300,p0g1,1526320270011,20:51:10.011,1
pingAllIntermediate,full-load,300,p0g1,1526320270012,20:51:10.012,1
pingAllIntermediate,full-load,300,p0g1,1526320270014,20:51:10.014,2
pingAllIntermediate,full-load,300,p0g1,1526320270015,20:51:10.015,1
pingAllIntermediate,full-load,300,p0g1,1526320270017,20:51:10.017,2
pingAllIntermediate,full-load,300,p0g1,1526320270018,20:51:10.018,1
pingAllIntermediate,full-load,300,p0g1,1526320270020,20:51:10.020,2
pingAllIntermediate,full-load,300,p0g1,1526320270021,20:51:10.021,1
pingAllIntermediate,full-load,300,p0g1,1526320270023,20:51:10.023,2
pingAllIntermediate,full-load,300,p0g1,1526320270024,20:51:10.024,1
pingAllIntermediate,full-load,300,p0g1,1526320270026,20:51:10.026,2
pingAllIntermediate,full-load,300,p0g1,1526320270027,20:51:10.027,1
pingAllIntermediate,full-load,300,p0g1,1526320270029,20:51:10.029,2
pingAllIntermediate,full-load,300,p0g1,1526320270031,20:51:10.031,2
pingAllIntermediate,full-load,300,p0g1,1526320270032,20:51:10.032,1
pingAllIntermediate,full-load,300,p0g1,1526320270034,20:51:10.034,2
pingAllIntermediate,full-load,300,p0g1,1526320270036,20:51:10.036,2
pingAllIntermediate,full-load,300,p0g1,1526320270038,20:51:10.038,2
pingAllIntermediate,full-load,300,p0g1,1526320270039,20:51:10.039,1
pingAllIntermediate,full-load,300,p0g1,1526320270040,20:51:10.040,1
pingAllIntermediate,full-load,300,p0g1,1526320270042,20:51:10.042,2
pingAllIntermediate,full-load,300,p0g1,1526320270043,20:51:10.043,1
pingAllIntermediate,full-load,300,p0g1,1526320270045,20:51:10.045,2
pingAllIntermediate,full-load,300,p0g1,1526320270046,20:51:10.046,1
pingAllIntermediate,full-load,300,p0g1,1526320270048,20:51:10.048,2
pingAllIntermediate,full-load,300,p0g1,1526320270049,20:51:10.049,1
pingAllIntermediate,full-load,300,p0g1,1526320270050,20:51:10.050,1
pingAllIntermediate,full-load,300,p0g1,1526320270052,20:51:10.052,2
pingAllIntermediate,full-load,300,p0g1,1526320270053,20:51:10.053,1
pingAllIntermediate,full-load,300,p0g1,1526320270055,20:51:10.055,2
pingAllIntermediate,full-load,300,p0g1,1526320270056,20:51:10.056,1
pingAllIntermediate,full-load,300,p0g1,1526320270058,20:51:10.058,2
pingAllIntermediate,full-load,300,p0g1,1526320270059,20:51:10.059,1
pingAllIntermediate,full-load,300,p0g1,1526320270061,20:51:10.061,2
pingAllIntermediate,full-load,300,p0g1,1526320270063,20:51:10.063,2
pingAllIntermediate,full-load,300,p0g1,1526320270065,20:51:10.065,2
pingAllIntermediate,full-load,300,p0g1,1526320270073,20:51:10.073,8
pingAllIntermediate,full-load,300,p0g1,1526320270075,20:51:10.075,2
pingAllIntermediate,full-load,300,p0g1,1526320270076,20:51:10.076,1
pingAllIntermediate,full-load,300,p0g1,1526320270082,20:51:10.082,6
pingAllIntermediate,full-load,300,p0g1,1526320270093,20:51:10.093,11
pingAllIntermediate,full-load,300,p0g1,1526320270096,20:51:10.096,3
pingAllIntermediate,full-load,300,p0g1,1526320270097,20:51:10.097,1
pingAllIntermediate,full-load,300,p0g1,1526320270100,20:51:10.100,3
pingAllIntermediate,full-load,300,p0g1,1526320270103,20:51:10.103,3
pingAllIntermediate,full-load,300,p0g1,1526320270105,20:51:10.105,2
pingAllIntermediate,full-load,300,p0g1,1526320270107,20:51:10.107,2
pingAllIntermediate,full-load,300,p0g1,1526320270109,20:51:10.109,2
pingAllIntermediate,full-load,300,p0g1,1526320270111,20:51:10.111,2
pingAllIntermediate,full-load,300,p0g1,1526320270112,20:51:10.112,1
pingAllIntermediate,full-load,300,p0g1,1526320270114,20:51:10.114,2
pingAllIntermediate,full-load,300,p0g1,1526320270115,20:51:10.115,1
pingAllIntermediate,full-load,300,p0g1,1526320270117,20:51:10.117,2
pingAllIntermediate,full-load,300,p0g1,1526320270119,20:51:10.119,2
pingAllIntermediate,full-load,300,p0g1,1526320270120,20:51:10.120,1
pingAllIntermediate,full-load,300,p0g1,1526320270122,20:51:10.122,2
pingAllIntermediate,full-load,300,p0g1,1526320270123,20:51:10.123,1
pingAllIntermediate,full-load,300,p0g1,1526320270125,20:51:10.125,2
pingAllIntermediate,full-load,300,p0g1,1526320270127,20:51:10.127,2
pingAllIntermediate,full-load,300,p0g1,1526320270129,20:51:10.129,2
pingAllIntermediate,full-load,300,p0g1,1526320270132,20:51:10.132,3
pingAllIntermediate,full-load,300,p0g1,1526320270134,20:51:10.134,2
pingAllIntermediate,full-load,300,p0g1,1526320270135,20:51:10.135,1
pingAllIntermediate,full-load,300,p0g1,1526320270140,20:51:10.140,5
pingAllIntermediate,full-load,300,p0g1,1526320270142,20:51:10.142,2
pingAllIntermediate,full-load,300,p0g1,1526320270143,20:51:10.143,1
pingAllIntermediate,full-load,300,p0g1,1526320270145,20:51:10.145,2
pingAllIntermediate,full-load,300,p0g1,1526320270146,20:51:10.146,1
pingAllIntermediate,full-load,300,p0g1,1526320270147,20:51:10.147,1
pingAllIntermediate,full-load,300,p0g1,1526320270149,20:51:10.149,2
pingAllIntermediate,full-load,300,p0g1,1526320270151,20:51:10.151,1
pingAllIntermediate,full-load,300,p0g1,1526320270152,20:51:10.152,1
pingAllIntermediate,full-load,300,p0g1,1526320270155,20:51:10.155,3
pingAllIntermediate,full-load,300,p0g1,1526320270156,20:51:10.156,1
pingAllIntermediate,full-load,300,p0g1,1526320270157,20:51:10.157,1
pingAllIntermediate,full-load,300,p0g1,1526320270159,20:51:10.159,2
pingAllIntermediate,full-load,300,p0g1,1526320270161,20:51:10.161,2
pingAllIntermediate,full-load,300,p0g1,1526320270162,20:51:10.162,1
pingAllIntermediate,full-load,300,p0g1,1526320270163,20:51:10.163,1
pingAllIntermediate,full-load,300,p0g1,1526320270165,20:51:10.165,2
pingAllIntermediate,full-load,300,p0g1,1526320270166,20:51:10.166,1
pingAllIntermediate,full-load,300,p0g1,1526320270171,20:51:10.171,5
pingAllIntermediate,full-load,300,p0g1,1526320270173,20:51:10.173,2
pingAllIntermediate,full-load,300,p0g1,1526320270175,20:51:10.175,2
pingAllIntermediate,full-load,300,p0g1,1526320270176,20:51:10.176,1
pingAllIntermediate,full-load,300,p0g1,1526320270178,20:51:10.178,2
pingAllIntermediate,full-load,300,p0g1,1526320270181,20:51:10.181,3
pingAllIntermediate,full-load,300,p0g1,1526320270189,20:51:10.189,8
pingAllIntermediate,full-load,300,p0g1,1526320270195,20:51:10.195,6
pingAllIntermediate,full-load,300,p0g1,1526320270196,20:51:10.196,1
pingAllIntermediate,full-load,300,p0g1,1526320270198,20:51:10.198,2
pingAllIntermediate,full-load,300,p0g1,1526320270203,20:51:10.203,5
pingAllIntermediate,full-load,300,p0g1,1526320270205,20:51:10.205,2
pingAllIntermediate,full-load,300,p0g1,1526320270207,20:51:10.207,2
pingAllIntermediate,full-load,300,p0g1,1526320270208,20:51:10.208,1
pingAllIntermediate,full-load,300,p0g1,1526320270210,20:51:10.210,2
pingAllIntermediate,full-load,300,p0g1,1526320270211,20:51:10.211,1
pingAllIntermediate,full-load,300,p0g1,1526320270220,20:51:10.220,9
pingAllIntermediate,full-load,300,p0g1,1526320270222,20:51:10.222,2
pingAllIntermediate,full-load,300,p0g1,1526320270224,20:51:10.224,2
pingAllIntermediate,full-load,300,p0g1,1526320270225,20:51:10.225,1
pingAllIntermediate,full-load,300,p0g1,1526320270227,20:51:10.227,2
pingAllIntermediate,full-load,300,p0g1,1526320270228,20:51:10.228,1
pingAllIntermediate,full-load,300,p0g1,1526320270230,20:51:10.230,2
pingAllIntermediate,full-load,300,p0g1,1526320270231,20:51:10.231,1
pingAllIntermediate,full-load,300,p0g1,1526320270233,20:51:10.233,2
pingAllIntermediate,full-load,300,p0g1,1526320270234,20:51:10.234,1
pingAllIntermediate,full-load,300,p0g1,1526320270236,20:51:10.236,2
pingAllIntermediate,full-load,300,p0g1,1526320270240,20:51:10.240,4
pingAllIntermediate,full-load,300,p0g1,1526320270241,20:51:10.241,1
pingAllIntermediate,full-load,300,p0g1,1526320270243,20:51:10.243,2
pingAllIntermediate,full-load,300,p0g1,1526320270244,20:51:10.244,1
pingAllIntermediate,full-load,300,p0g1,1526320270246,20:51:10.246,2
pingAllIntermediate,full-load,300,p0g1,1526320270247,20:51:10.247,1
pingAllIntermediate,full-load,300,p0g1,1526320270249,20:51:10.249,2
pingAllIntermediate,full-load,300,p0g1,1526320270250,20:51:10.250,1
pingAllIntermediate,full-load,300,p0g1,1526320270252,20:51:10.252,2
pingAllIntermediate,full-load,300,p0g1,1526320270253,20:51:10.253,1
pingAllIntermediate,full-load,300,p0g1,1526320270255,20:51:10.255,2
pingAllIntermediate,full-load,300,p0g1,1526320270256,20:51:10.256,1
pingAllIntermediate,full-load,300,p0g1,1526320270258,20:51:10.258,2
pingAllIntermediate,full-load,300,p0g1,1526320270259,20:51:10.259,1
pingAllIntermediate,full-load,300,p0g1,1526320270261,20:51:10.261,2
pingAllIntermediate,full-load,300,p0g1,1526320270262,20:51:10.262,1
pingAllIntermediate,full-load,300,p0g1,1526320270263,20:51:10.263,1
pingAllIntermediate,full-load,300,p0g1,1526320270265,20:51:10.265,2
pingAllIntermediate,full-load,300,p0g1,1526320270266,20:51:10.266,1
pingAllIntermediate,full-load,300,p0g1,1526320270267,20:51:10.267,1
pingAllIntermediate,full-load,300,p0g1,1526320270269,20:51:10.269,2
pingAllIntermediate,full-load,300,p0g1,1526320270270,20:51:10.270,1
pingAllIntermediate,full-load,300,p0g1,1526320270272,20:51:10.272,2
pingAllIntermediate,full-load,300,p0g1,1526320270273,20:51:10.273,1
pingAllIntermediate,full-load,300,p0g1,1526320270274,20:51:10.274,1
pingAllIntermediate,full-load,300,p0g1,1526320270276,20:51:10.276,2
pingAllIntermediate,full-load,300,p0g1,1526320270277,20:51:10.277,1
pingAllIntermediate,full-load,300,p0g1,1526320270279,20:51:10.279,2
pingAllIntermediate,full-load,300,p0g1,1526320270281,20:51:10.281,2
pingAllIntermediate,full-load,300,p0g1,1526320270282,20:51:10.282,1
pingAllIntermediate,full-load,300,p0g1,1526320270283,20:51:10.283,1
pingAllIntermediate,full-load,300,p0g1,1526320270285,20:51:10.285,2
pingAllIntermediate,full-load,300,p0g1,1526320270286,20:51:10.286,1
pingAllIntermediate,full-load,300,p0g1,1526320270287,20:51:10.287,1
pingAllIntermediate,full-load,300,p0g1,1526320270288,20:51:10.288,1
pingAllIntermediate,full-load,300,p0g1,1526320270290,20:51:10.290,2
pingAllIntermediate,full-load,300,p0g1,1526320270291,20:51:10.291,1
pingAllIntermediate,full-load,300,p0g1,1526320270292,20:51:10.292,1
pingAllIntermediate,full-load,300,p0g1,1526320270294,20:51:10.294,2
pingAllIntermediate,full-load,300,p0g1,1526320270296,20:51:10.296,2
pingAllIntermediate,full-load,300,p0g1,1526320270297,20:51:10.297,1
pingAllIntermediate,full-load,300,p0g1,1526320270298,20:51:10.298,1
pingAllIntermediate,full-load,300,p0g1,1526320270300,20:51:10.300,2
pingAllIntermediate,full-load,300,p0g1,1526320270301,20:51:10.301,1
pingAllIntermediate,full-load,300,p0g1,1526320270303,20:51:10.303,2
pingAllIntermediate,full-load,300,p0g1,1526320270304,20:51:10.304,1
pingAllIntermediate,full-load,300,p0g1,1526320270305,20:51:10.305,1
pingAllIntermediate,full-load,300,p0g1,1526320270307,20:51:10.307,2
pingAllIntermediate,full-load,300,p0g1,1526320270308,20:51:10.308,1
pingAllIntermediate,full-load,300,p0g1,1526320270310,20:51:10.310,2
pingAllIntermediate,full-load,300,p0g1,1526320270311,20:51:10.311,1
pingAllIntermediate,full-load,300,p0g1,1526320270313,20:51:10.313,2
pingAllIntermediate,full-load,300,p0g1,1526320270314,20:51:10.314,1
pingAllIntermediate,full-load,300,p0g1,1526320270316,20:51:10.316,2
pingAllIntermediate,full-load,300,p0g1,1526320270317,20:51:10.317,1
pingAllIntermediate,full-load,300,p0g1,1526320270318,20:51:10.318,1
pingAllIntermediate,full-load,300,p0g1,1526320270320,20:51:10.320,2
pingAllIntermediate,full-load,300,p0g1,1526320270322,20:51:10.322,2
pingAllIntermediate,full-load,300,p0g1,1526320270323,20:51:10.323,1
pingAllIntermediate,full-load,300,p0g1,1526320270325,20:51:10.325,2
pingAllIntermediate,full-load,300,p0g1,1526320270326,20:51:10.326,1
pingAllIntermediate,full-load,300,p0g1,1526320270327,20:51:10.327,1
pingAllIntermediate,full-load,300,p0g1,1526320270329,20:51:10.329,2
pingAllIntermediate,full-load,300,p0g1,1526320270330,20:51:10.330,1
pingAllIntermediate,full-load,300,p0g1,1526320270332,20:51:10.332,2
pingAllIntermediate,full-load,300,p0g1,1526320270334,20:51:10.334,2
pingAllIntermediate,full-load,300,p0g1,1526320270336,20:51:10.336,2
pingAllIntermediate,full-load,300,p0g1,1526320270338,20:51:10.338,2
pingAllIntermediate,full-load,300,p0g1,1526320270339,20:51:10.339,1
pingAllIntermediate,full-load,300,p0g1,1526320270341,20:51:10.341,2
pingAllIntermediate,full-load,300,p0g1,1526320270343,20:51:10.343,2
pingAllIntermediate,full-load,300,p0g1,1526320270344,20:51:10.344,1
pingAllIntermediate,full-load,300,p0g1,1526320270345,20:51:10.345,1
pingAllIntermediate,full-load,300,p0g1,1526320270347,20:51:10.347,2
pingAllIntermediate,full-load,300,p0g1,1526320270348,20:51:10.348,1
pingAllIntermediate,full-load,300,p0g1,1526320270349,20:51:10.349,1
pingAllIntermediate,full-load,300,p0g1,1526320270351,20:51:10.351,2
pingAllIntermediate,full-load,300,p0g1,1526320270352,20:51:10.352,1
pingAllIntermediate,full-load,300,p0g1,1526320270353,20:51:10.353,1
pingAllIntermediate,full-load,300,p0g1,1526320270355,20:51:10.355,2
pingAllIntermediate,full-load,300,p0g1,1526320270356,20:51:10.356,1
