pingAllIntermediate,full-load,100,p0g1,1523046503190,23:28:23.190,3
pingAllIntermediate,full-load,100,p0g1,1523046503200,23:28:23.200,10
pingAllIntermediate,full-load,100,p0g1,1523046503208,23:28:23.208,8
pingAllIntermediate,full-load,100,p0g1,1523046503231,23:28:23.231,23
pingAllIntermediate,full-load,100,p0g1,1523046503246,23:28:23.246,15
pingAllIntermediate,full-load,100,p0g1,1523046503264,23:28:23.264,18
pingAllIntermediate,full-load,100,p0g1,1523046503292,23:28:23.292,28
pingAllIntermediate,full-load,100,p0g1,1523046503295,23:28:23.295,3
pingAllIntermediate,full-load,100,p0g1,1523046503309,23:28:23.309,14
pingAllIntermediate,full-load,100,p0g1,1523046503318,23:28:23.318,9
pingAllIntermediate,full-load,100,p0g1,1523046503341,23:28:23.341,23
pingAllIntermediate,full-load,100,p0g1,1523046503344,23:28:23.344,3
pingAllIntermediate,full-load,100,p0g1,1523046503359,23:28:23.359,15
pingAllIntermediate,full-load,100,p0g1,1523046503393,23:28:23.393,34
pingAllIntermediate,full-load,100,p0g1,1523046503402,23:28:23.402,9
pingAllIntermediate,full-load,100,p0g1,1523046503404,23:28:23.404,2
pingAllIntermediate,full-load,100,p0g1,1523046503411,23:28:23.411,7
pingAllIntermediate,full-load,100,p0g1,1523046503413,23:28:23.413,2
pingAllIntermediate,full-load,100,p0g1,1523046503421,23:28:23.421,8
pingAllIntermediate,full-load,100,p0g1,1523046503436,23:28:23.436,15
pingAllIntermediate,full-load,100,p0g1,1523046503444,23:28:23.444,8
pingAllIntermediate,full-load,100,p0g1,1523046503456,23:28:23.456,12
pingAllIntermediate,full-load,100,p0g1,1523046503463,23:28:23.463,7
pingAllIntermediate,full-load,100,p0g1,1523046503466,23:28:23.466,3
pingAllIntermediate,full-load,100,p0g1,1523046503469,23:28:23.469,3
pingAllIntermediate,full-load,100,p0g1,1523046503535,23:28:23.535,66
pingAllIntermediate,full-load,100,p0g1,1523046503568,23:28:23.568,33
pingAllIntermediate,full-load,100,p0g1,1523046503580,23:28:23.580,12
pingAllIntermediate,full-load,100,p0g1,1523046503586,23:28:23.586,6
pingAllIntermediate,full-load,100,p0g1,1523046503596,23:28:23.596,10
pingAllIntermediate,full-load,100,p0g1,1523046503604,23:28:23.604,8
pingAllIntermediate,full-load,100,p0g1,1523046503618,23:28:23.618,14
pingAllIntermediate,full-load,100,p0g1,1523046503642,23:28:23.642,24
pingAllIntermediate,full-load,100,p0g1,1523046503648,23:28:23.648,6
pingAllIntermediate,full-load,100,p0g1,1523046503657,23:28:23.657,9
pingAllIntermediate,full-load,100,p0g1,1523046503700,23:28:23.700,43
pingAllIntermediate,full-load,100,p0g1,1523046503702,23:28:23.702,2
pingAllIntermediate,full-load,100,p0g1,1523046503761,23:28:23.761,59
pingAllIntermediate,full-load,100,p0g1,1523046503799,23:28:23.799,38
pingAllIntermediate,full-load,100,p0g1,1523046503805,23:28:23.805,6
pingAllIntermediate,full-load,100,p0g1,1523046503808,23:28:23.808,3
pingAllIntermediate,full-load,100,p0g1,1523046503845,23:28:23.845,37
pingAllIntermediate,full-load,100,p0g1,1523046503848,23:28:23.848,3
pingAllIntermediate,full-load,100,p0g1,1523046503850,23:28:23.850,2
pingAllIntermediate,full-load,100,p0g1,1523046503855,23:28:23.855,5
pingAllIntermediate,full-load,100,p0g1,1523046503859,23:28:23.859,4
pingAllIntermediate,full-load,100,p0g1,1523046503865,23:28:23.865,6
pingAllIntermediate,full-load,100,p0g1,1523046503880,23:28:23.880,15
pingAllIntermediate,full-load,100,p0g1,1523046503883,23:28:23.883,3
pingAllIntermediate,full-load,100,p0g1,1523046503887,23:28:23.887,4
pingAllIntermediate,full-load,100,p0g1,1523046503889,23:28:23.889,2
pingAllIntermediate,full-load,100,p0g1,1523046503909,23:28:23.909,20
pingAllIntermediate,full-load,100,p0g1,1523046503920,23:28:23.920,11
pingAllIntermediate,full-load,100,p0g1,1523046503927,23:28:23.927,7
pingAllIntermediate,full-load,100,p0g1,1523046503929,23:28:23.929,2
pingAllIntermediate,full-load,100,p0g1,1523046503931,23:28:23.931,2
pingAllIntermediate,full-load,100,p0g1,1523046503936,23:28:23.936,5
pingAllIntermediate,full-load,100,p0g1,1523046503966,23:28:23.966,30
pingAllIntermediate,full-load,100,p0g1,1523046503987,23:28:23.987,21
pingAllIntermediate,full-load,100,p0g1,1523046504011,23:28:24.011,24
pingAllIntermediate,full-load,100,p0g1,1523046504032,23:28:24.032,21
pingAllIntermediate,full-load,100,p0g1,1523046504052,23:28:24.052,20
pingAllIntermediate,full-load,100,p0g1,1523046504072,23:28:24.072,20
pingAllIntermediate,full-load,100,p0g1,1523046504092,23:28:24.092,20
pingAllIntermediate,full-load,100,p0g1,1523046504111,23:28:24.111,19
pingAllIntermediate,full-load,100,p0g1,1523046504133,23:28:24.133,22
pingAllIntermediate,full-load,100,p0g1,1523046504153,23:28:24.153,20
pingAllIntermediate,full-load,100,p0g1,1523046504178,23:28:24.178,25
pingAllIntermediate,full-load,100,p0g1,1523046504195,23:28:24.195,17
pingAllIntermediate,full-load,100,p0g1,1523046504214,23:28:24.214,19
pingAllIntermediate,full-load,100,p0g1,1523046504233,23:28:24.233,19
pingAllIntermediate,full-load,100,p0g1,1523046504252,23:28:24.252,19
pingAllIntermediate,full-load,100,p0g1,1523046504274,23:28:24.274,22
pingAllIntermediate,full-load,100,p0g1,1523046504286,23:28:24.286,12
pingAllIntermediate,full-load,100,p0g1,1523046504289,23:28:24.289,3
pingAllIntermediate,full-load,100,p0g1,1523046504291,23:28:24.291,2
pingAllIntermediate,full-load,100,p0g1,1523046504295,23:28:24.295,4
pingAllIntermediate,full-load,100,p0g1,1523046504328,23:28:24.328,33
pingAllIntermediate,full-load,100,p0g1,1523046504334,23:28:24.334,6
pingAllIntermediate,full-load,100,p0g1,1523046504335,23:28:24.335,1
pingAllIntermediate,full-load,100,p0g1,1523046504340,23:28:24.340,5
pingAllIntermediate,full-load,100,p0g1,1523046504355,23:28:24.355,15
pingAllIntermediate,full-load,100,p0g1,1523046504357,23:28:24.357,2
pingAllIntermediate,full-load,100,p0g1,1523046504359,23:28:24.359,2
pingAllIntermediate,full-load,100,p0g1,1523046504365,23:28:24.365,6
pingAllIntermediate,full-load,100,p0g1,1523046504376,23:28:24.376,11
pingAllIntermediate,full-load,100,p0g1,1523046504377,23:28:24.377,1
pingAllIntermediate,full-load,100,p0g1,1523046504379,23:28:24.379,2
pingAllIntermediate,full-load,100,p0g1,1523046504394,23:28:24.394,15
pingAllIntermediate,full-load,100,p0g1,1523046504400,23:28:24.400,6
pingAllIntermediate,full-load,100,p0g1,1523046504406,23:28:24.406,6
pingAllIntermediate,full-load,100,p0g1,1523046504409,23:28:24.409,3
pingAllIntermediate,full-load,100,p0g1,1523046504415,23:28:24.415,6
pingAllIntermediate,full-load,100,p0g1,1523046504419,23:28:24.419,4
pingAllIntermediate,full-load,100,p0g1,1523046504423,23:28:24.423,4
pingAllIntermediate,full-load,100,p0g1,1523046504429,23:28:24.429,6
pingAllIntermediate,full-load,100,p0g1,1523046504435,23:28:24.435,6
pingAllIntermediate,full-load,100,p0g1,1523046504438,23:28:24.438,3
pingAllIntermediate,full-load,100,p0g1,1523046504440,23:28:24.440,2
pingAllIntermediate,full-load,100,p0g1,1523046504447,23:28:24.447,7
