pingAllIntermediate,full-load,100,p0g1,1522783702233,22:28:22.233,3
pingAllIntermediate,full-load,100,p0g1,1522783702240,22:28:22.240,7
pingAllIntermediate,full-load,100,p0g1,1522783702246,22:28:22.246,6
pingAllIntermediate,full-load,100,p0g1,1522783702247,22:28:22.247,1
pingAllIntermediate,full-load,100,p0g1,1522783702256,22:28:22.256,9
pingAllIntermediate,full-load,100,p0g1,1522783702258,22:28:22.258,2
pingAllIntermediate,full-load,100,p0g1,1522783702260,22:28:22.260,2
pingAllIntermediate,full-load,100,p0g1,1522783702263,22:28:22.263,3
pingAllIntermediate,full-load,100,p0g1,1522783702266,22:28:22.266,3
pingAllIntermediate,full-load,100,p0g1,1522783702270,22:28:22.270,4
pingAllIntermediate,full-load,100,p0g1,1522783702272,22:28:22.272,2
pingAllIntermediate,full-load,100,p0g1,1522783702274,22:28:22.274,2
pingAllIntermediate,full-load,100,p0g1,1522783702278,22:28:22.278,4
pingAllIntermediate,full-load,100,p0g1,1522783702291,22:28:22.291,13
pingAllIntermediate,full-load,100,p0g1,1522783702293,22:28:22.293,2
pingAllIntermediate,full-load,100,p0g1,1522783702295,22:28:22.295,2
pingAllIntermediate,full-load,100,p0g1,1522783702297,22:28:22.297,2
pingAllIntermediate,full-load,100,p0g1,1522783702300,22:28:22.300,3
pingAllIntermediate,full-load,100,p0g1,1522783702302,22:28:22.302,2
pingAllIntermediate,full-load,100,p0g1,1522783702308,22:28:22.308,6
pingAllIntermediate,full-load,100,p0g1,1522783702310,22:28:22.310,2
pingAllIntermediate,full-load,100,p0g1,1522783702314,22:28:22.314,4
pingAllIntermediate,full-load,100,p0g1,1522783702320,22:28:22.320,6
pingAllIntermediate,full-load,100,p0g1,1522783702323,22:28:22.323,2
pingAllIntermediate,full-load,100,p0g1,1522783702336,22:28:22.336,13
pingAllIntermediate,full-load,100,p0g1,1522783702338,22:28:22.338,2
pingAllIntermediate,full-load,100,p0g1,1522783702343,22:28:22.343,5
pingAllIntermediate,full-load,100,p0g1,1522783702352,22:28:22.352,9
pingAllIntermediate,full-load,100,p0g1,1522783702354,22:28:22.354,2
pingAllIntermediate,full-load,100,p0g1,1522783702357,22:28:22.357,3
pingAllIntermediate,full-load,100,p0g1,1522783702358,22:28:22.358,1
pingAllIntermediate,full-load,100,p0g1,1522783702360,22:28:22.360,2
pingAllIntermediate,full-load,100,p0g1,1522783702362,22:28:22.362,2
pingAllIntermediate,full-load,100,p0g1,1522783702363,22:28:22.363,1
pingAllIntermediate,full-load,100,p0g1,1522783702365,22:28:22.365,2
pingAllIntermediate,full-load,100,p0g1,1522783702371,22:28:22.371,6
pingAllIntermediate,full-load,100,p0g1,1522783702379,22:28:22.379,8
pingAllIntermediate,full-load,100,p0g1,1522783702381,22:28:22.381,2
pingAllIntermediate,full-load,100,p0g1,1522783702395,22:28:22.395,14
pingAllIntermediate,full-load,100,p0g1,1522783702397,22:28:22.397,2
pingAllIntermediate,full-load,100,p0g1,1522783702398,22:28:22.398,1
pingAllIntermediate,full-load,100,p0g1,1522783702403,22:28:22.403,5
pingAllIntermediate,full-load,100,p0g1,1522783702416,22:28:22.416,13
pingAllIntermediate,full-load,100,p0g1,1522783702418,22:28:22.418,2
pingAllIntermediate,full-load,100,p0g1,1522783702419,22:28:22.419,1
pingAllIntermediate,full-load,100,p0g1,1522783702421,22:28:22.421,2
pingAllIntermediate,full-load,100,p0g1,1522783702424,22:28:22.424,3
pingAllIntermediate,full-load,100,p0g1,1522783702426,22:28:22.426,2
pingAllIntermediate,full-load,100,p0g1,1522783702427,22:28:22.427,1
pingAllIntermediate,full-load,100,p0g1,1522783702428,22:28:22.428,1
pingAllIntermediate,full-load,100,p0g1,1522783702430,22:28:22.430,2
pingAllIntermediate,full-load,100,p0g1,1522783702431,22:28:22.431,1
pingAllIntermediate,full-load,100,p0g1,1522783702438,22:28:22.438,7
pingAllIntermediate,full-load,100,p0g1,1522783702448,22:28:22.448,10
pingAllIntermediate,full-load,100,p0g1,1522783702453,22:28:22.453,5
pingAllIntermediate,full-load,100,p0g1,1522783702455,22:28:22.455,2
pingAllIntermediate,full-load,100,p0g1,1522783702458,22:28:22.458,3
pingAllIntermediate,full-load,100,p0g1,1522783702462,22:28:22.462,4
pingAllIntermediate,full-load,100,p0g1,1522783702464,22:28:22.464,2
pingAllIntermediate,full-load,100,p0g1,1522783702468,22:28:22.468,4
pingAllIntermediate,full-load,100,p0g1,1522783702470,22:28:22.470,2
pingAllIntermediate,full-load,100,p0g1,1522783702471,22:28:22.471,1
pingAllIntermediate,full-load,100,p0g1,1522783702472,22:28:22.472,1
pingAllIntermediate,full-load,100,p0g1,1522783702474,22:28:22.474,2
pingAllIntermediate,full-load,100,p0g1,1522783702475,22:28:22.475,1
pingAllIntermediate,full-load,100,p0g1,1522783702479,22:28:22.479,4
pingAllIntermediate,full-load,100,p0g1,1522783702482,22:28:22.482,3
pingAllIntermediate,full-load,100,p0g1,1522783702487,22:28:22.487,5
pingAllIntermediate,full-load,100,p0g1,1522783702488,22:28:22.488,1
pingAllIntermediate,full-load,100,p0g1,1522783702489,22:28:22.489,1
pingAllIntermediate,full-load,100,p0g1,1522783702491,22:28:22.491,2
pingAllIntermediate,full-load,100,p0g1,1522783702494,22:28:22.494,3
pingAllIntermediate,full-load,100,p0g1,1522783702496,22:28:22.496,2
pingAllIntermediate,full-load,100,p0g1,1522783702498,22:28:22.498,2
pingAllIntermediate,full-load,100,p0g1,1522783702500,22:28:22.500,2
pingAllIntermediate,full-load,100,p0g1,1522783702501,22:28:22.501,1
pingAllIntermediate,full-load,100,p0g1,1522783702503,22:28:22.503,2
pingAllIntermediate,full-load,100,p0g1,1522783702508,22:28:22.508,5
pingAllIntermediate,full-load,100,p0g1,1522783702509,22:28:22.509,1
pingAllIntermediate,full-load,100,p0g1,1522783702511,22:28:22.511,2
pingAllIntermediate,full-load,100,p0g1,1522783702512,22:28:22.512,1
pingAllIntermediate,full-load,100,p0g1,1522783702513,22:28:22.513,1
pingAllIntermediate,full-load,100,p0g1,1522783702514,22:28:22.514,1
pingAllIntermediate,full-load,100,p0g1,1522783702515,22:28:22.515,1
pingAllIntermediate,full-load,100,p0g1,1522783702516,22:28:22.516,1
pingAllIntermediate,full-load,100,p0g1,1522783702519,22:28:22.519,3
pingAllIntermediate,full-load,100,p0g1,1522783702520,22:28:22.520,1
pingAllIntermediate,full-load,100,p0g1,1522783702522,22:28:22.522,2
pingAllIntermediate,full-load,100,p0g1,1522783702523,22:28:22.523,1
pingAllIntermediate,full-load,100,p0g1,1522783702525,22:28:22.525,2
pingAllIntermediate,full-load,100,p0g1,1522783702527,22:28:22.527,1
pingAllIntermediate,full-load,100,p0g1,1522783702528,22:28:22.528,1
pingAllIntermediate,full-load,100,p0g1,1522783702530,22:28:22.530,2
pingAllIntermediate,full-load,100,p0g1,1522783702531,22:28:22.531,1
pingAllIntermediate,full-load,100,p0g1,1522783702535,22:28:22.535,4
pingAllIntermediate,full-load,100,p0g1,1522783702537,22:28:22.537,2
pingAllIntermediate,full-load,100,p0g1,1522783702539,22:28:22.539,2
pingAllIntermediate,full-load,100,p0g1,1522783702541,22:28:22.541,2
pingAllIntermediate,full-load,100,p0g1,1522783702542,22:28:22.542,1
pingAllIntermediate,full-load,100,p0g1,1522783702544,22:28:22.544,2
