pingAllIntermediate,full-load,100,p0g1,1522782455646,22:07:35.646,4
pingAllIntermediate,full-load,100,p0g1,1522782455651,22:07:35.651,5
pingAllIntermediate,full-load,100,p0g1,1522782455653,22:07:35.653,2
pingAllIntermediate,full-load,100,p0g1,1522782455663,22:07:35.663,10
pingAllIntermediate,full-load,100,p0g1,1522782455702,22:07:35.702,39
pingAllIntermediate,full-load,100,p0g1,1522782455735,22:07:35.735,33
pingAllIntermediate,full-load,100,p0g1,1522782455775,22:07:35.775,40
pingAllIntermediate,full-load,100,p0g1,1522782455795,22:07:35.795,20
pingAllIntermediate,full-load,100,p0g1,1522782455834,22:07:35.834,39
pingAllIntermediate,full-load,100,p0g1,1522782455871,22:07:35.871,37
pingAllIntermediate,full-load,100,p0g1,1522782455895,22:07:35.895,24
pingAllIntermediate,full-load,100,p0g1,1522782455935,22:07:35.935,40
pingAllIntermediate,full-load,100,p0g1,1522782455973,22:07:35.973,38
pingAllIntermediate,full-load,100,p0g1,1522782456020,22:07:36.020,47
pingAllIntermediate,full-load,100,p0g1,1522782456035,22:07:36.035,15
pingAllIntermediate,full-load,100,p0g1,1522782456045,22:07:36.045,10
pingAllIntermediate,full-load,100,p0g1,1522782456048,22:07:36.048,3
pingAllIntermediate,full-load,100,p0g1,1522782456059,22:07:36.059,11
pingAllIntermediate,full-load,100,p0g1,1522782456062,22:07:36.062,3
pingAllIntermediate,full-load,100,p0g1,1522782456064,22:07:36.064,2
pingAllIntermediate,full-load,100,p0g1,1522782456065,22:07:36.065,1
pingAllIntermediate,full-load,100,p0g1,1522782456067,22:07:36.067,2
pingAllIntermediate,full-load,100,p0g1,1522782456069,22:07:36.069,2
pingAllIntermediate,full-load,100,p0g1,1522782456070,22:07:36.070,1
pingAllIntermediate,full-load,100,p0g1,1522782456074,22:07:36.074,4
pingAllIntermediate,full-load,100,p0g1,1522782456077,22:07:36.077,3
pingAllIntermediate,full-load,100,p0g1,1522782456085,22:07:36.085,8
pingAllIntermediate,full-load,100,p0g1,1522782456091,22:07:36.091,6
pingAllIntermediate,full-load,100,p0g1,1522782456093,22:07:36.093,2
pingAllIntermediate,full-load,100,p0g1,1522782456110,22:07:36.110,17
pingAllIntermediate,full-load,100,p0g1,1522782456113,22:07:36.113,3
pingAllIntermediate,full-load,100,p0g1,1522782456116,22:07:36.116,3
pingAllIntermediate,full-load,100,p0g1,1522782456119,22:07:36.119,3
pingAllIntermediate,full-load,100,p0g1,1522782456122,22:07:36.122,3
pingAllIntermediate,full-load,100,p0g1,1522782456127,22:07:36.127,5
pingAllIntermediate,full-load,100,p0g1,1522782456131,22:07:36.131,4
pingAllIntermediate,full-load,100,p0g1,1522782456154,22:07:36.154,22
pingAllIntermediate,full-load,100,p0g1,1522782456156,22:07:36.156,2
pingAllIntermediate,full-load,100,p0g1,1522782456157,22:07:36.157,1
pingAllIntermediate,full-load,100,p0g1,1522782456158,22:07:36.158,1
pingAllIntermediate,full-load,100,p0g1,1522782456159,22:07:36.159,1
pingAllIntermediate,full-load,100,p0g1,1522782456160,22:07:36.160,1
pingAllIntermediate,full-load,100,p0g1,1522782456162,22:07:36.162,2
pingAllIntermediate,full-load,100,p0g1,1522782456163,22:07:36.163,1
pingAllIntermediate,full-load,100,p0g1,1522782456165,22:07:36.165,2
pingAllIntermediate,full-load,100,p0g1,1522782456171,22:07:36.171,6
pingAllIntermediate,full-load,100,p0g1,1522782456184,22:07:36.184,13
pingAllIntermediate,full-load,100,p0g1,1522782456186,22:07:36.186,2
pingAllIntermediate,full-load,100,p0g1,1522782456188,22:07:36.188,2
pingAllIntermediate,full-load,100,p0g1,1522782456196,22:07:36.196,8
pingAllIntermediate,full-load,100,p0g1,1522782456197,22:07:36.197,1
pingAllIntermediate,full-load,100,p0g1,1522782456200,22:07:36.200,3
pingAllIntermediate,full-load,100,p0g1,1522782456202,22:07:36.202,2
pingAllIntermediate,full-load,100,p0g1,1522782456204,22:07:36.204,2
pingAllIntermediate,full-load,100,p0g1,1522782456206,22:07:36.206,2
pingAllIntermediate,full-load,100,p0g1,1522782456208,22:07:36.208,2
pingAllIntermediate,full-load,100,p0g1,1522782456214,22:07:36.214,6
pingAllIntermediate,full-load,100,p0g1,1522782456254,22:07:36.254,40
pingAllIntermediate,full-load,100,p0g1,1522782456282,22:07:36.282,28
pingAllIntermediate,full-load,100,p0g1,1522782456300,22:07:36.300,18
pingAllIntermediate,full-load,100,p0g1,1522782456303,22:07:36.303,3
pingAllIntermediate,full-load,100,p0g1,1522782456305,22:07:36.305,2
pingAllIntermediate,full-load,100,p0g1,1522782456307,22:07:36.307,2
pingAllIntermediate,full-load,100,p0g1,1522782456310,22:07:36.310,3
pingAllIntermediate,full-load,100,p0g1,1522782456312,22:07:36.312,2
pingAllIntermediate,full-load,100,p0g1,1522782456314,22:07:36.314,2
pingAllIntermediate,full-load,100,p0g1,1522782456318,22:07:36.318,4
pingAllIntermediate,full-load,100,p0g1,1522782456319,22:07:36.319,1
pingAllIntermediate,full-load,100,p0g1,1522782456321,22:07:36.321,2
pingAllIntermediate,full-load,100,p0g1,1522782456323,22:07:36.323,2
pingAllIntermediate,full-load,100,p0g1,1522782456325,22:07:36.325,2
pingAllIntermediate,full-load,100,p0g1,1522782456333,22:07:36.333,8
pingAllIntermediate,full-load,100,p0g1,1522782456338,22:07:36.338,5
pingAllIntermediate,full-load,100,p0g1,1522782456339,22:07:36.339,1
pingAllIntermediate,full-load,100,p0g1,1522782456342,22:07:36.342,3
pingAllIntermediate,full-load,100,p0g1,1522782456348,22:07:36.348,6
pingAllIntermediate,full-load,100,p0g1,1522782456354,22:07:36.354,6
pingAllIntermediate,full-load,100,p0g1,1522782456369,22:07:36.369,15
pingAllIntermediate,full-load,100,p0g1,1522782456379,22:07:36.379,10
pingAllIntermediate,full-load,100,p0g1,1522782456380,22:07:36.380,1
pingAllIntermediate,full-load,100,p0g1,1522782456391,22:07:36.391,11
pingAllIntermediate,full-load,100,p0g1,1522782456393,22:07:36.393,2
pingAllIntermediate,full-load,100,p0g1,1522782456395,22:07:36.395,2
pingAllIntermediate,full-load,100,p0g1,1522782456397,22:07:36.397,2
pingAllIntermediate,full-load,100,p0g1,1522782456400,22:07:36.400,3
pingAllIntermediate,full-load,100,p0g1,1522782456410,22:07:36.410,10
pingAllIntermediate,full-load,100,p0g1,1522782456412,22:07:36.412,2
pingAllIntermediate,full-load,100,p0g1,1522782456414,22:07:36.414,2
pingAllIntermediate,full-load,100,p0g1,1522782456416,22:07:36.416,2
pingAllIntermediate,full-load,100,p0g1,1522782456421,22:07:36.421,5
pingAllIntermediate,full-load,100,p0g1,1522782456424,22:07:36.424,3
pingAllIntermediate,full-load,100,p0g1,1522782456428,22:07:36.428,4
pingAllIntermediate,full-load,100,p0g1,1522782456431,22:07:36.431,3
pingAllIntermediate,full-load,100,p0g1,1522782456433,22:07:36.433,2
pingAllIntermediate,full-load,100,p0g1,1522782456435,22:07:36.435,2
pingAllIntermediate,full-load,100,p0g1,1522782456437,22:07:36.437,2
pingAllIntermediate,full-load,100,p0g1,1522782456439,22:07:36.439,2
pingAllIntermediate,full-load,100,p0g1,1522782456441,22:07:36.441,2
pingAllIntermediate,full-load,100,p0g1,1522782456441,22:07:36.441,0
pingAllIntermediate,full-load,100,p0g1,1522782456444,22:07:36.444,3
