pingAllIntermediate,full-load,100,p0g1,1522831109945,11:38:29.945,10
pingAllIntermediate,full-load,100,p0g1,1522831109956,11:38:29.956,11
pingAllIntermediate,full-load,100,p0g1,1522831109971,11:38:29.971,15
pingAllIntermediate,full-load,100,p0g1,1522831109975,11:38:29.975,4
pingAllIntermediate,full-load,100,p0g1,1522831109987,11:38:29.987,12
pingAllIntermediate,full-load,100,p0g1,1522831109991,11:38:29.991,4
pingAllIntermediate,full-load,100,p0g1,1522831109999,11:38:29.999,8
pingAllIntermediate,full-load,100,p0g1,1522831110012,11:38:30.012,13
pingAllIntermediate,full-load,100,p0g1,1522831110035,11:38:30.035,23
pingAllIntermediate,full-load,100,p0g1,1522831110045,11:38:30.045,10
pingAllIntermediate,full-load,100,p0g1,1522831110048,11:38:30.048,3
pingAllIntermediate,full-load,100,p0g1,1522831110056,11:38:30.056,8
pingAllIntermediate,full-load,100,p0g1,1522831110058,11:38:30.058,2
pingAllIntermediate,full-load,100,p0g1,1522831110068,11:38:30.068,10
pingAllIntermediate,full-load,100,p0g1,1522831110078,11:38:30.078,10
pingAllIntermediate,full-load,100,p0g1,1522831110082,11:38:30.082,3
pingAllIntermediate,full-load,100,p0g1,1522831110090,11:38:30.090,8
pingAllIntermediate,full-load,100,p0g1,1522831110096,11:38:30.096,6
pingAllIntermediate,full-load,100,p0g1,1522831110100,11:38:30.100,4
pingAllIntermediate,full-load,100,p0g1,1522831110102,11:38:30.102,1
pingAllIntermediate,full-load,100,p0g1,1522831110112,11:38:30.112,10
pingAllIntermediate,full-load,100,p0g1,1522831110114,11:38:30.114,2
pingAllIntermediate,full-load,100,p0g1,1522831110146,11:38:30.146,32
pingAllIntermediate,full-load,100,p0g1,1522831110181,11:38:30.181,35
pingAllIntermediate,full-load,100,p0g1,1522831110200,11:38:30.200,19
pingAllIntermediate,full-load,100,p0g1,1522831110202,11:38:30.202,2
pingAllIntermediate,full-load,100,p0g1,1522831110208,11:38:30.208,6
pingAllIntermediate,full-load,100,p0g1,1522831110210,11:38:30.210,2
pingAllIntermediate,full-load,100,p0g1,1522831110214,11:38:30.214,4
pingAllIntermediate,full-load,100,p0g1,1522831110219,11:38:30.219,5
pingAllIntermediate,full-load,100,p0g1,1522831110222,11:38:30.222,3
pingAllIntermediate,full-load,100,p0g1,1522831110229,11:38:30.229,7
pingAllIntermediate,full-load,100,p0g1,1522831110234,11:38:30.234,5
pingAllIntermediate,full-load,100,p0g1,1522831110244,11:38:30.244,10
pingAllIntermediate,full-load,100,p0g1,1522831110273,11:38:30.273,29
pingAllIntermediate,full-load,100,p0g1,1522831110310,11:38:30.310,37
pingAllIntermediate,full-load,100,p0g1,1522831110311,11:38:30.311,1
pingAllIntermediate,full-load,100,p0g1,1522831110316,11:38:30.316,5
pingAllIntermediate,full-load,100,p0g1,1522831110319,11:38:30.319,3
pingAllIntermediate,full-load,100,p0g1,1522831110323,11:38:30.323,4
pingAllIntermediate,full-load,100,p0g1,1522831110330,11:38:30.330,7
pingAllIntermediate,full-load,100,p0g1,1522831110343,11:38:30.343,13
pingAllIntermediate,full-load,100,p0g1,1522831110344,11:38:30.344,1
pingAllIntermediate,full-load,100,p0g1,1522831110358,11:38:30.358,14
pingAllIntermediate,full-load,100,p0g1,1522831110362,11:38:30.362,4
pingAllIntermediate,full-load,100,p0g1,1522831110363,11:38:30.363,1
pingAllIntermediate,full-load,100,p0g1,1522831110365,11:38:30.365,2
pingAllIntermediate,full-load,100,p0g1,1522831110372,11:38:30.372,7
pingAllIntermediate,full-load,100,p0g1,1522831110374,11:38:30.374,2
pingAllIntermediate,full-load,100,p0g1,1522831110375,11:38:30.375,1
pingAllIntermediate,full-load,100,p0g1,1522831110376,11:38:30.376,1
pingAllIntermediate,full-load,100,p0g1,1522831110379,11:38:30.379,3
pingAllIntermediate,full-load,100,p0g1,1522831110385,11:38:30.385,6
pingAllIntermediate,full-load,100,p0g1,1522831110387,11:38:30.387,2
pingAllIntermediate,full-load,100,p0g1,1522831110388,11:38:30.388,1
pingAllIntermediate,full-load,100,p0g1,1522831110391,11:38:30.391,3
pingAllIntermediate,full-load,100,p0g1,1522831110414,11:38:30.414,23
pingAllIntermediate,full-load,100,p0g1,1522831110434,11:38:30.434,20
pingAllIntermediate,full-load,100,p0g1,1522831110458,11:38:30.458,24
pingAllIntermediate,full-load,100,p0g1,1522831110477,11:38:30.477,19
pingAllIntermediate,full-load,100,p0g1,1522831110497,11:38:30.497,20
pingAllIntermediate,full-load,100,p0g1,1522831110517,11:38:30.517,20
pingAllIntermediate,full-load,100,p0g1,1522831110564,11:38:30.564,47
pingAllIntermediate,full-load,100,p0g1,1522831110584,11:38:30.584,20
pingAllIntermediate,full-load,100,p0g1,1522831110604,11:38:30.604,20
pingAllIntermediate,full-load,100,p0g1,1522831110619,11:38:30.619,15
pingAllIntermediate,full-load,100,p0g1,1522831110637,11:38:30.637,18
pingAllIntermediate,full-load,100,p0g1,1522831110657,11:38:30.657,20
pingAllIntermediate,full-load,100,p0g1,1522831110659,11:38:30.659,2
pingAllIntermediate,full-load,100,p0g1,1522831110660,11:38:30.660,1
pingAllIntermediate,full-load,100,p0g1,1522831110678,11:38:30.678,18
pingAllIntermediate,full-load,100,p0g1,1522831110684,11:38:30.684,6
pingAllIntermediate,full-load,100,p0g1,1522831110692,11:38:30.692,8
pingAllIntermediate,full-load,100,p0g1,1522831110694,11:38:30.694,2
pingAllIntermediate,full-load,100,p0g1,1522831110711,11:38:30.711,17
pingAllIntermediate,full-load,100,p0g1,1522831110713,11:38:30.713,2
pingAllIntermediate,full-load,100,p0g1,1522831110718,11:38:30.718,5
pingAllIntermediate,full-load,100,p0g1,1522831110752,11:38:30.752,34
pingAllIntermediate,full-load,100,p0g1,1522831110763,11:38:30.763,11
pingAllIntermediate,full-load,100,p0g1,1522831110769,11:38:30.769,6
pingAllIntermediate,full-load,100,p0g1,1522831110778,11:38:30.778,9
pingAllIntermediate,full-load,100,p0g1,1522831110789,11:38:30.789,11
pingAllIntermediate,full-load,100,p0g1,1522831110790,11:38:30.790,1
pingAllIntermediate,full-load,100,p0g1,1522831110791,11:38:30.791,1
pingAllIntermediate,full-load,100,p0g1,1522831110792,11:38:30.792,1
pingAllIntermediate,full-load,100,p0g1,1522831110799,11:38:30.799,7
pingAllIntermediate,full-load,100,p0g1,1522831110802,11:38:30.802,3
pingAllIntermediate,full-load,100,p0g1,1522831110806,11:38:30.806,4
pingAllIntermediate,full-load,100,p0g1,1522831110810,11:38:30.810,4
pingAllIntermediate,full-load,100,p0g1,1522831110814,11:38:30.814,4
pingAllIntermediate,full-load,100,p0g1,1522831110821,11:38:30.821,7
pingAllIntermediate,full-load,100,p0g1,1522831110825,11:38:30.825,4
pingAllIntermediate,full-load,100,p0g1,1522831110829,11:38:30.829,4
pingAllIntermediate,full-load,100,p0g1,1522831110833,11:38:30.833,4
pingAllIntermediate,full-load,100,p0g1,1522831110834,11:38:30.834,1
pingAllIntermediate,full-load,100,p0g1,1522831110836,11:38:30.836,2
pingAllIntermediate,full-load,100,p0g1,1522831110841,11:38:30.841,5
pingAllIntermediate,full-load,100,p0g1,1522831110845,11:38:30.845,4
pingAllIntermediate,full-load,100,p0g1,1522831110846,11:38:30.846,1
pingAllIntermediate,full-load,100,p0g1,1522831110880,11:38:30.880,34
