testGroup,phase,iterations,pid,timestamp,time,latency
pingAllIntermediate,full-load,100,p0g1,1522690205877,20:30:05.877,36
pingAllIntermediate,full-load,100,p0g1,1522690205917,20:30:05.917,40
pingAllIntermediate,full-load,100,p0g1,1522690205945,20:30:05.945,28
pingAllIntermediate,full-load,100,p0g1,1522690205978,20:30:05.978,33
pingAllIntermediate,full-load,100,p0g1,1522690206017,20:30:06.017,39
pingAllIntermediate,full-load,100,p0g1,1522690206044,20:30:06.044,27
pingAllIntermediate,full-load,100,p0g1,1522690206077,20:30:06.077,33
pingAllIntermediate,full-load,100,p0g1,1522690206097,20:30:06.097,20
pingAllIntermediate,full-load,100,p0g1,1522690206131,20:30:06.131,34
pingAllIntermediate,full-load,100,p0g1,1522690206173,20:30:06.173,42
pingAllIntermediate,full-load,100,p0g1,1522690206204,20:30:06.204,31
pingAllIntermediate,full-load,100,p0g1,1522690206245,20:30:06.245,41
pingAllIntermediate,full-load,100,p0g1,1522690206273,20:30:06.273,28
pingAllIntermediate,full-load,100,p0g1,1522690206319,20:30:06.319,46
pingAllIntermediate,full-load,100,p0g1,1522690206358,20:30:06.358,39
pingAllIntermediate,full-load,100,p0g1,1522690206393,20:30:06.393,35
pingAllIntermediate,full-load,100,p0g1,1522690206426,20:30:06.426,33
pingAllIntermediate,full-load,100,p0g1,1522690206466,20:30:06.466,40
pingAllIntermediate,full-load,100,p0g1,1522690206512,20:30:06.512,46
pingAllIntermediate,full-load,100,p0g1,1522690206554,20:30:06.554,42
pingAllIntermediate,full-load,100,p0g1,1522690206584,20:30:06.584,30
pingAllIntermediate,full-load,100,p0g1,1522690206622,20:30:06.622,38
pingAllIntermediate,full-load,100,p0g1,1522690206672,20:30:06.672,50
pingAllIntermediate,full-load,100,p0g1,1522690206697,20:30:06.697,25
pingAllIntermediate,full-load,100,p0g1,1522690206732,20:30:06.732,35
pingAllIntermediate,full-load,100,p0g1,1522690206760,20:30:06.760,28
pingAllIntermediate,full-load,100,p0g1,1522690206797,20:30:06.797,37
pingAllIntermediate,full-load,100,p0g1,1522690206832,20:30:06.832,35
pingAllIntermediate,full-load,100,p0g1,1522690206857,20:30:06.857,25
pingAllIntermediate,full-load,100,p0g1,1522690206897,20:30:06.897,40
pingAllIntermediate,full-load,100,p0g1,1522690206917,20:30:06.917,20
pingAllIntermediate,full-load,100,p0g1,1522690206944,20:30:06.944,27
pingAllIntermediate,full-load,100,p0g1,1522690206978,20:30:06.978,34
pingAllIntermediate,full-load,100,p0g1,1522690207017,20:30:07.017,39
pingAllIntermediate,full-load,100,p0g1,1522690207044,20:30:07.044,27
pingAllIntermediate,full-load,100,p0g1,1522690207090,20:30:07.090,46
pingAllIntermediate,full-load,100,p0g1,1522690207119,20:30:07.119,29
pingAllIntermediate,full-load,100,p0g1,1522690207145,20:30:07.145,26
pingAllIntermediate,full-load,100,p0g1,1522690207177,20:30:07.177,32
pingAllIntermediate,full-load,100,p0g1,1522690207197,20:30:07.197,20
pingAllIntermediate,full-load,100,p0g1,1522690207218,20:30:07.218,21
pingAllIntermediate,full-load,100,p0g1,1522690207244,20:30:07.244,26
pingAllIntermediate,full-load,100,p0g1,1522690207284,20:30:07.284,40
pingAllIntermediate,full-load,100,p0g1,1522690207317,20:30:07.317,33
pingAllIntermediate,full-load,100,p0g1,1522690207344,20:30:07.344,27
pingAllIntermediate,full-load,100,p0g1,1522690207387,20:30:07.387,43
pingAllIntermediate,full-load,100,p0g1,1522690207414,20:30:07.414,27
pingAllIntermediate,full-load,100,p0g1,1522690207433,20:30:07.433,19
pingAllIntermediate,full-load,100,p0g1,1522690207457,20:30:07.457,24
pingAllIntermediate,full-load,100,p0g1,1522690207477,20:30:07.477,20
pingAllIntermediate,full-load,100,p0g1,1522690207498,20:30:07.498,21
pingAllIntermediate,full-load,100,p0g1,1522690207534,20:30:07.534,36
pingAllIntermediate,full-load,100,p0g1,1522690207559,20:30:07.559,25
pingAllIntermediate,full-load,100,p0g1,1522690207597,20:30:07.597,38
pingAllIntermediate,full-load,100,p0g1,1522690207617,20:30:07.617,20
pingAllIntermediate,full-load,100,p0g1,1522690207644,20:30:07.644,27
pingAllIntermediate,full-load,100,p0g1,1522690207677,20:30:07.677,33
pingAllIntermediate,full-load,100,p0g1,1522690207723,20:30:07.723,46
pingAllIntermediate,full-load,100,p0g1,1522690207744,20:30:07.744,21
pingAllIntermediate,full-load,100,p0g1,1522690207777,20:30:07.777,33
pingAllIntermediate,full-load,100,p0g1,1522690207797,20:30:07.797,20
pingAllIntermediate,full-load,100,p0g1,1522690207817,20:30:07.817,20
pingAllIntermediate,full-load,100,p0g1,1522690207844,20:30:07.844,27
pingAllIntermediate,full-load,100,p0g1,1522690207877,20:30:07.877,33
pingAllIntermediate,full-load,100,p0g1,1522690207897,20:30:07.897,20
pingAllIntermediate,full-load,100,p0g1,1522690207938,20:30:07.938,41
pingAllIntermediate,full-load,100,p0g1,1522690208007,20:30:08.007,69
pingAllIntermediate,full-load,100,p0g1,1522690208043,20:30:08.043,36
pingAllIntermediate,full-load,100,p0g1,1522690208082,20:30:08.082,39
pingAllIntermediate,full-load,100,p0g1,1522690208118,20:30:08.118,36
pingAllIntermediate,full-load,100,p0g1,1522690208144,20:30:08.144,26
pingAllIntermediate,full-load,100,p0g1,1522690208177,20:30:08.177,33
pingAllIntermediate,full-load,100,p0g1,1522690208200,20:30:08.200,23
pingAllIntermediate,full-load,100,p0g1,1522690208234,20:30:08.234,34
pingAllIntermediate,full-load,100,p0g1,1522690208258,20:30:08.258,24
pingAllIntermediate,full-load,100,p0g1,1522690208299,20:30:08.299,41
pingAllIntermediate,full-load,100,p0g1,1522690208334,20:30:08.334,35
pingAllIntermediate,full-load,100,p0g1,1522690208415,20:30:08.415,81
pingAllIntermediate,full-load,100,p0g1,1522690208444,20:30:08.444,29
pingAllIntermediate,full-load,100,p0g1,1522690208477,20:30:08.477,33
pingAllIntermediate,full-load,100,p0g1,1522690208497,20:30:08.497,20
pingAllIntermediate,full-load,100,p0g1,1522690208523,20:30:08.523,26
pingAllIntermediate,full-load,100,p0g1,1522690208544,20:30:08.544,21
pingAllIntermediate,full-load,100,p0g1,1522690208577,20:30:08.577,33
pingAllIntermediate,full-load,100,p0g1,1522690208597,20:30:08.597,20
pingAllIntermediate,full-load,100,p0g1,1522690208625,20:30:08.625,28
pingAllIntermediate,full-load,100,p0g1,1522690208644,20:30:08.644,19
pingAllIntermediate,full-load,100,p0g1,1522690208677,20:30:08.677,33
pingAllIntermediate,full-load,100,p0g1,1522690208697,20:30:08.697,20
pingAllIntermediate,full-load,100,p0g1,1522690208720,20:30:08.720,23
pingAllIntermediate,full-load,100,p0g1,1522690208744,20:30:08.744,24
pingAllIntermediate,full-load,100,p0g1,1522690208779,20:30:08.779,35
pingAllIntermediate,full-load,100,p0g1,1522690208817,20:30:08.817,38
pingAllIntermediate,full-load,100,p0g1,1522690208835,20:30:08.835,18
pingAllIntermediate,full-load,100,p0g1,1522690208857,20:30:08.857,22
pingAllIntermediate,full-load,100,p0g1,1522690208877,20:30:08.877,20
pingAllIntermediate,full-load,100,p0g1,1522690208899,20:30:08.899,22
pingAllIntermediate,full-load,100,p0g1,1522690208935,20:30:08.935,36
pingAllIntermediate,full-load,100,p0g1,1522690208957,20:30:08.957,22
pingAllIntermediate,full-load,100,p0g1,1522690208978,20:30:08.978,21