pingAllIntermediate,full-load,100,p0g1,1523044694789,22:58:14.789,3
pingAllIntermediate,full-load,100,p0g1,1523044694799,22:58:14.799,10
pingAllIntermediate,full-load,100,p0g1,1523044694803,22:58:14.803,3
pingAllIntermediate,full-load,100,p0g1,1523044694814,22:58:14.814,11
pingAllIntermediate,full-load,100,p0g1,1523044694829,22:58:14.829,15
pingAllIntermediate,full-load,100,p0g1,1523044694835,22:58:14.835,6
pingAllIntermediate,full-load,100,p0g1,1523044694838,22:58:14.838,3
pingAllIntermediate,full-load,100,p0g1,1523044694842,22:58:14.842,4
pingAllIntermediate,full-load,100,p0g1,1523044694846,22:58:14.846,4
pingAllIntermediate,full-load,100,p0g1,1523044694853,22:58:14.853,7
pingAllIntermediate,full-load,100,p0g1,1523044694858,22:58:14.858,5
pingAllIntermediate,full-load,100,p0g1,1523044694865,22:58:14.865,7
pingAllIntermediate,full-load,100,p0g1,1523044694874,22:58:14.874,9
pingAllIntermediate,full-load,100,p0g1,1523044694895,22:58:14.895,21
pingAllIntermediate,full-load,100,p0g1,1523044694940,22:58:14.940,45
pingAllIntermediate,full-load,100,p0g1,1523044694971,22:58:14.971,31
pingAllIntermediate,full-load,100,p0g1,1523044694976,22:58:14.976,5
pingAllIntermediate,full-load,100,p0g1,1523044694988,22:58:14.988,12
pingAllIntermediate,full-load,100,p0g1,1523044694994,22:58:14.994,6
pingAllIntermediate,full-load,100,p0g1,1523044695000,22:58:15.000,6
pingAllIntermediate,full-load,100,p0g1,1523044695005,22:58:15.005,5
pingAllIntermediate,full-load,100,p0g1,1523044695009,22:58:15.009,4
pingAllIntermediate,full-load,100,p0g1,1523044695031,22:58:15.031,22
pingAllIntermediate,full-load,100,p0g1,1523044695036,22:58:15.036,5
pingAllIntermediate,full-load,100,p0g1,1523044695042,22:58:15.042,6
pingAllIntermediate,full-load,100,p0g1,1523044695045,22:58:15.045,3
pingAllIntermediate,full-load,100,p0g1,1523044695049,22:58:15.049,4
pingAllIntermediate,full-load,100,p0g1,1523044695054,22:58:15.054,5
pingAllIntermediate,full-load,100,p0g1,1523044695060,22:58:15.060,6
pingAllIntermediate,full-load,100,p0g1,1523044695064,22:58:15.064,4
pingAllIntermediate,full-load,100,p0g1,1523044695068,22:58:15.068,4
pingAllIntermediate,full-load,100,p0g1,1523044695092,22:58:15.092,24
pingAllIntermediate,full-load,100,p0g1,1523044695098,22:58:15.098,6
pingAllIntermediate,full-load,100,p0g1,1523044695108,22:58:15.108,10
pingAllIntermediate,full-load,100,p0g1,1523044695138,22:58:15.138,30
pingAllIntermediate,full-load,100,p0g1,1523044695141,22:58:15.141,3
pingAllIntermediate,full-load,100,p0g1,1523044695146,22:58:15.146,5
pingAllIntermediate,full-load,100,p0g1,1523044695151,22:58:15.151,5
pingAllIntermediate,full-load,100,p0g1,1523044695164,22:58:15.164,13
pingAllIntermediate,full-load,100,p0g1,1523044695169,22:58:15.169,5
pingAllIntermediate,full-load,100,p0g1,1523044695173,22:58:15.173,4
pingAllIntermediate,full-load,100,p0g1,1523044695175,22:58:15.175,2
pingAllIntermediate,full-load,100,p0g1,1523044695210,22:58:15.210,35
pingAllIntermediate,full-load,100,p0g1,1523044695224,22:58:15.224,14
pingAllIntermediate,full-load,100,p0g1,1523044695226,22:58:15.226,2
pingAllIntermediate,full-load,100,p0g1,1523044695250,22:58:15.250,24
pingAllIntermediate,full-load,100,p0g1,1523044695263,22:58:15.263,13
pingAllIntermediate,full-load,100,p0g1,1523044695266,22:58:15.266,3
pingAllIntermediate,full-load,100,p0g1,1523044695272,22:58:15.272,6
pingAllIntermediate,full-load,100,p0g1,1523044695274,22:58:15.274,2
pingAllIntermediate,full-load,100,p0g1,1523044695278,22:58:15.278,4
pingAllIntermediate,full-load,100,p0g1,1523044695282,22:58:15.282,4
pingAllIntermediate,full-load,100,p0g1,1523044695285,22:58:15.285,3
pingAllIntermediate,full-load,100,p0g1,1523044695289,22:58:15.289,4
pingAllIntermediate,full-load,100,p0g1,1523044695293,22:58:15.293,4
pingAllIntermediate,full-load,100,p0g1,1523044695307,22:58:15.307,14
pingAllIntermediate,full-load,100,p0g1,1523044695310,22:58:15.310,3
pingAllIntermediate,full-load,100,p0g1,1523044695323,22:58:15.323,13
pingAllIntermediate,full-load,100,p0g1,1523044695329,22:58:15.329,6
pingAllIntermediate,full-load,100,p0g1,1523044695333,22:58:15.333,4
pingAllIntermediate,full-load,100,p0g1,1523044695334,22:58:15.334,1
pingAllIntermediate,full-load,100,p0g1,1523044695339,22:58:15.339,5
pingAllIntermediate,full-load,100,p0g1,1523044695378,22:58:15.378,39
pingAllIntermediate,full-load,100,p0g1,1523044695396,22:58:15.396,18
pingAllIntermediate,full-load,100,p0g1,1523044695398,22:58:15.398,2
pingAllIntermediate,full-load,100,p0g1,1523044695405,22:58:15.405,7
pingAllIntermediate,full-load,100,p0g1,1523044695407,22:58:15.407,2
pingAllIntermediate,full-load,100,p0g1,1523044695413,22:58:15.413,6
pingAllIntermediate,full-load,100,p0g1,1523044695415,22:58:15.415,2
pingAllIntermediate,full-load,100,p0g1,1523044695425,22:58:15.425,10
pingAllIntermediate,full-load,100,p0g1,1523044695428,22:58:15.428,3
pingAllIntermediate,full-load,100,p0g1,1523044695433,22:58:15.433,4
pingAllIntermediate,full-load,100,p0g1,1523044695445,22:58:15.445,12
pingAllIntermediate,full-load,100,p0g1,1523044695447,22:58:15.447,2
pingAllIntermediate,full-load,100,p0g1,1523044695453,22:58:15.453,6
pingAllIntermediate,full-load,100,p0g1,1523044695456,22:58:15.456,3
pingAllIntermediate,full-load,100,p0g1,1523044695475,22:58:15.475,19
pingAllIntermediate,full-load,100,p0g1,1523044695506,22:58:15.506,31
pingAllIntermediate,full-load,100,p0g1,1523044695519,22:58:15.519,13
pingAllIntermediate,full-load,100,p0g1,1523044695520,22:58:15.520,1
pingAllIntermediate,full-load,100,p0g1,1523044695545,22:58:15.545,25
pingAllIntermediate,full-load,100,p0g1,1523044695604,22:58:15.604,59
pingAllIntermediate,full-load,100,p0g1,1523044695622,22:58:15.622,18
pingAllIntermediate,full-load,100,p0g1,1523044695627,22:58:15.627,5
pingAllIntermediate,full-load,100,p0g1,1523044695656,22:58:15.656,29
pingAllIntermediate,full-load,100,p0g1,1523044695660,22:58:15.660,4
pingAllIntermediate,full-load,100,p0g1,1523044695662,22:58:15.662,1
pingAllIntermediate,full-load,100,p0g1,1523044695666,22:58:15.666,4
pingAllIntermediate,full-load,100,p0g1,1523044695670,22:58:15.670,4
pingAllIntermediate,full-load,100,p0g1,1523044695673,22:58:15.673,3
pingAllIntermediate,full-load,100,p0g1,1523044695676,22:58:15.676,3
pingAllIntermediate,full-load,100,p0g1,1523044695680,22:58:15.680,4
pingAllIntermediate,full-load,100,p0g1,1523044695683,22:58:15.683,3
pingAllIntermediate,full-load,100,p0g1,1523044695687,22:58:15.687,4
pingAllIntermediate,full-load,100,p0g1,1523044695690,22:58:15.690,3
pingAllIntermediate,full-load,100,p0g1,1523044695696,22:58:15.696,6
pingAllIntermediate,full-load,100,p0g1,1523044695697,22:58:15.697,1
pingAllIntermediate,full-load,100,p0g1,1523044695702,22:58:15.702,5
pingAllIntermediate,full-load,100,p0g1,1523044695703,22:58:15.703,1
pingAllIntermediate,full-load,100,p0g1,1523044695709,22:58:15.709,6
